0.0,0.0,0.0,0.0,0.0,0.0,0.0,0.0,0.0,0.0,0.0,0.0,0.0,0.0,0.0,0.0,0.0,0.0,0.0,0.0,0.0,0.0,0.0,0.0,0.0,0.0,0.0,0.0,0.0,0.0,0.0,0.0,1.7210841178894043e-05,0.0017440319061279297,35,1520
2.0,0.0,0.0,1.0,0.0,0.0,9.1,15.1,14.9,14.3,12.1,20.8,16.7,9.0,22.7,20.9,0.0,1.0,1.0,2.0,1.0,0.0,12.4,14.1,11.2,10.4,10.3,17.6,13.7,7.4,14.7,12.4,0.04893657565116882,4.593558058142662,99324,4003487
2.9,1.0,0.0,0.0,2.0,0.0,12.9,13.2,18.1,16.0,11.4,18.1,19.1,11.1,17.4,22.1,0.0,1.0,0.0,0.0,0.0,0.0,14.1,15.2,13.1,14.0,10.3,8.6,17.0,11.2,11.2,12.2,0.04858425259590149,4.596092760562897,98606,4005696
0.0,0.0,0.0,0.0,0.0,0.0,12.5,10.2,9.2,14.1,8.9,21.1,17.2,11.0,22.7,25.5,1.0,0.0,0.0,0.0,0.0,0.0,16.0,12.4,11.3,12.1,12.0,16.8,15.3,12.0,13.0,13.3,0.048480600118637085,4.5889066606760025,98362,3999433
0.0,0.0,0.0,0.0,0.0,0.0,12.1,17.0,12.2,14.4,14.4,13.0,16.3,12.9,20.0,21.3,0.0,0.0,0.0,1.0,0.0,0.0,9.6,16.0,9.4,10.5,13.1,9.4,15.2,10.2,11.2,11.3,0.04839596152305603,4.593989595770836,98190,4003863
0.0,1.0,0.0,0.0,0.0,0.0,10.0,10.1,18.7,17.9,12.1,9.3,11.5,12.2,20.2,26.0,0.0,0.0,0.0,0.0,0.0,0.0,11.2,9.5,9.5,12.2,10.2,12.2,14.1,7.4,12.1,15.2,0.048472702503204346,4.580915093421936,98326,3992468
0.0,1.0,0.0,0.0,0.0,0.0,6.8,11.4,9.0,15.1,15.1,14.4,15.4,16.3,16.1,23.1,0.0,0.0,0.0,0.0,0.0,0.0,12.2,14.4,9.3,12.2,12.1,10.5,13.3,13.4,10.2,9.7,0.048238545656204224,4.5915835201740265,97874,4001766
0.0,0.0,0.0,0.0,0.0,0.0,9.0,4.8,14.3,13.3,17.2,14.3,16.5,14.0,21.4,22.9,0.0,0.0,0.0,0.0,0.0,0.0,14.7,7.5,10.4,10.4,16.7,10.5,11.5,12.4,12.9,15.0,0.04839274287223816,4.595966547727585,98190,4005586
1.0,1.0,0.0,0.0,0.0,0.0,6.9,5.9,15.8,9.1,13.3,16.7,14.4,12.1,22.2,23.7,0.0,0.0,0.0,0.0,0.0,0.0,14.1,14.1,12.1,9.4,11.3,15.0,16.0,13.1,10.2,14.3,0.048236772418022156,4.590315654873848,97893,4000661
1.0,2.0,0.0,0.0,0.0,0.0,7.0,6.0,15.8,13.2,10.2,15.4,22.2,14.0,21.6,23.4,0.0,0.0,0.0,0.0,0.0,0.0,14.1,14.1,13.0,12.2,9.4,11.5,12.4,10.4,11.2,11.5,0.04824836552143097,4.599562466144562,97901,4008720
0.0,1.0,0.0,0.0,0.0,0.0,7.0,8.3,17.0,14.1,14.1,13.3,16.3,19.2,17.2,21.7,0.0,0.0,0.0,1.0,0.0,0.0,11.3,15.3,12.2,10.4,15.7,14.9,11.3,11.3,12.9,11.5,0.04841156303882599,4.589837193489075,98207,4000244
1.0,1.0,0.0,0.0,0.0,0.0,4.8,10.3,15.6,14.6,11.0,14.4,16.5,18.6,22.1,24.2,0.0,0.0,0.0,0.0,0.0,0.0,12.4,14.3,13.7,10.2,12.5,10.5,11.6,16.5,10.4,12.4,0.04841591417789459,4.59650582075119,98237,4006056
0.0,0.0,0.0,0.0,0.0,0.0,7.1,6.0,15.1,11.2,11.1,14.4,10.6,18.4,17.6,24.2,0.0,0.0,0.0,0.0,0.0,0.0,14.3,12.4,11.2,12.1,12.4,11.5,14.0,12.2,9.4,14.1,0.048768818378448486,4.586747273802757,98924,3997551
0.0,0.0,0.0,0.0,0.0,0.0,7.0,10.1,16.0,17.0,8.1,15.4,17.6,11.0,21.6,22.9,0.0,0.0,0.0,0.0,0.0,0.0,11.3,14.9,12.2,15.8,14.3,13.3,16.0,13.1,12.1,12.4,0.0484221875667572,4.605555281043053,98280,4013943
0.0,1.0,1.0,0.0,0.0,0.0,8.1,9.2,13.2,14.9,12.1,17.4,17.8,10.9,21.3,20.4,0.0,0.0,0.0,1.0,0.0,0.0,9.6,14.3,12.1,13.0,14.9,14.1,13.4,11.2,13.0,10.3,0.04869568347930908,4.594691798090935,98804,4004475
1.0,1.0,0.0,0.0,0.0,0.0,6.8,8.0,14.0,13.3,8.0,20.2,15.4,9.0,14.6,26.8,0.0,0.0,0.0,0.0,0.0,0.0,10.3,13.0,10.3,12.2,11.3,13.5,13.1,9.3,11.2,16.0,0.04894228279590607,4.595626920461655,99289,4005290
0.0,0.0,0.0,0.0,0.0,0.0,6.8,10.2,21.4,16.8,11.1,14.4,19.4,15.6,16.3,24.2,0.0,0.0,0.0,0.0,0.0,0.0,9.4,11.6,14.9,10.4,11.1,11.5,14.1,12.1,9.3,15.2,0.04893432557582855,4.587766155600548,99269,3998439
0.0,0.0,0.0,0.0,0.0,0.0,4.7,11.2,14.0,13.0,15.2,20.8,18.5,14.0,19.4,24.7,0.0,0.0,0.0,0.0,0.0,0.0,11.3,14.1,8.4,9.4,10.4,15.8,13.4,14.7,11.3,13.3,0.04862375557422638,4.589969143271446,98655,4000359
1.0,0.0,1.0,0.0,0.0,0.0,4.7,8.1,14.0,19.6,14.1,14.3,18.5,9.9,18.3,20.4,0.0,1.0,0.0,0.0,0.0,0.0,12.2,14.1,10.3,13.3,13.1,11.3,18.3,10.2,13.0,11.2,0.04841423034667969,4.595883935689926,98258,4005514
0.0,0.0,1.0,0.0,0.0,0.0,6.9,7.1,11.1,14.1,12.1,16.3,14.4,11.1,22.1,23.7,0.0,0.0,0.0,0.0,0.0,0.0,10.3,12.4,13.9,11.3,11.1,9.7,11.5,11.3,10.4,12.4,0.048387184739112854,4.589053526520729,98159,3999561
1.0,2.0,0.0,0.0,0.0,0.0,5.7,4.9,14.0,12.9,12.2,14.4,14.6,15.6,21.1,23.9,0.0,0.0,0.0,1.0,0.0,0.0,13.7,12.5,12.1,11.2,11.2,11.3,10.4,14.7,11.3,14.4,0.048742711544036865,4.59345605969429,98914,4003398
2.0,0.0,0.0,0.0,0.0,0.0,7.8,9.2,13.5,16.7,13.0,15.6,14.4,14.1,21.6,21.5,0.0,0.0,0.0,0.0,0.0,0.0,9.4,14.3,14.0,13.9,12.1,13.4,11.3,9.5,13.9,13.3,0.04864446818828583,4.579161882400513,98677,3990940
0.0,0.0,0.0,0.0,0.0,0.0,3.5,10.0,14.0,11.5,15.1,13.6,18.9,11.4,18.3,23.4,0.0,0.0,0.0,0.0,0.0,0.0,13.0,16.5,12.1,12.4,11.2,14.3,12.4,15.2,10.4,12.4,0.04889042675495148,4.59414105117321,99183,4003995
1.0,0.0,0.0,0.0,0.0,0.0,7.9,7.1,15.2,11.2,7.0,11.5,12.5,18.4,19.4,24.0,1.0,0.0,0.0,1.0,0.0,0.0,14.0,14.3,13.1,14.0,9.3,11.5,14.0,11.3,14.7,12.2,0.04861600697040558,4.605205327272415,98665,4013638
1.0,0.0,0.0,0.0,0.0,0.0,14.9,11.4,10.2,11.1,13.2,15.6,18.1,16.1,14.3,21.7,0.0,0.0,0.0,0.0,0.0,0.0,12.2,17.6,10.3,13.0,12.2,14.1,14.0,15.8,6.4,11.6,0.04852116107940674,4.593057185411453,98446,4003050
0.0,0.0,0.0,0.0,0.0,0.0,4.7,4.7,12.2,17.2,14.3,16.3,15.7,14.1,13.3,26.3,0.0,0.0,0.0,0.0,0.0,0.0,12.2,11.2,12.2,12.4,9.4,14.1,11.6,11.2,12.7,18.3,0.04870791733264923,4.592943176627159,98825,4002951
0.0,0.0,0.0,0.0,0.0,0.0,5.7,8.0,13.8,12.9,15.2,19.1,22.1,11.2,18.3,19.1,0.0,0.0,0.0,0.0,0.0,0.0,11.1,13.1,12.0,12.1,11.3,16.8,12.5,13.1,14.0,11.5,0.04848502576351166,4.599902093410492,98391,4009016
0.0,0.0,0.0,0.0,0.0,0.0,8.0,9.4,14.1,10.0,16.5,14.4,17.4,13.2,15.6,23.4,1.0,0.0,0.0,0.0,0.0,0.0,11.5,16.0,12.2,11.1,11.1,15.0,13.1,10.4,11.1,12.4,0.04832904040813446,4.598086923360825,98053,4007434
1.0,0.0,0.0,0.0,0.0,0.0,10.1,10.5,13.0,13.7,13.3,11.5,14.4,12.1,23.2,23.4,0.0,0.0,0.0,0.0,0.0,0.0,10.4,16.2,12.0,12.0,9.5,9.5,10.5,13.1,13.0,10.4,0.04802010953426361,4.608518987894058,97459,4016526
0.0,0.0,0.0,0.0,0.0,0.0,7.0,11.2,16.0,15.8,14.4,19.1,18.9,10.0,18.8,17.2,0.0,0.0,0.0,0.0,0.0,0.0,13.3,14.3,11.3,13.0,13.3,15.2,12.2,10.3,10.1,12.5,0.0483877956867218,4.597596988081932,98198,4007007
1.0,0.0,0.0,0.0,0.0,0.0,5.8,4.8,10.0,11.1,8.0,19.6,12.6,18.2,21.1,22.0,0.0,0.0,0.0,0.0,0.0,0.0,13.1,14.9,7.4,7.4,10.3,15.3,13.3,9.5,12.1,13.3,0.04859757423400879,4.593849614262581,98614,4003741
0.0,0.0,0.0,1.0,0.0,0.0,6.9,6.9,11.1,16.5,14.1,20.8,21.6,14.3,25.5,18.7,0.0,0.0,0.0,0.0,0.0,0.0,10.3,11.3,10.2,14.7,10.4,12.4,12.5,10.5,13.3,7.6,0.04834476113319397,4.600473493337631,98110,4009514
0.0,0.0,0.0,2.0,0.0,0.0,12.2,7.1,14.1,19.6,9.2,13.5,15.4,14.9,16.3,26.5,0.0,0.0,0.0,0.0,0.0,0.0,11.6,13.3,10.3,9.3,9.4,14.1,12.2,14.1,8.3,17.5,0.04815411567687988,4.594253495335579,97684,4004093
0.0,0.0,0.0,0.0,0.0,0.0,10.0,11.5,12.2,14.7,9.3,16.3,15.6,12.1,22.0,27.6,0.0,0.0,0.0,0.0,0.0,0.0,7.4,15.5,11.3,10.2,11.3,12.4,16.8,12.2,12.9,9.7,0.04824279248714447,4.59209181368351,97897,4002209
0.0,0.0,0.0,0.0,0.0,0.0,8.0,7.1,12.1,19.2,17.2,12.2,15.6,7.1,18.7,19.6,0.0,0.0,0.0,0.0,0.0,0.0,14.1,11.5,12.1,13.9,10.5,10.4,9.5,11.3,12.1,13.0,0.04817858338356018,4.588966324925423,97732,3999485
0.0,0.0,0.0,1.0,0.0,0.0,4.7,7.1,12.1,14.9,18.9,15.4,16.3,12.0,20.2,24.7,0.0,0.0,0.0,0.0,0.0,0.0,12.1,12.4,10.3,11.3,14.9,11.5,11.5,11.1,9.5,10.4,0.04829882085323334,4.590973109006882,97987,4001234
0.0,0.0,0.0,0.0,0.0,0.0,1.2,8.1,12.5,10.1,13.2,16.1,17.4,13.0,19.4,24.0,0.0,0.0,0.0,0.0,0.0,0.0,12.9,12.4,14.9,11.2,13.9,11.5,15.8,13.1,13.1,10.5,0.0486445426940918,4.59438544511795,98692,4004208
0.0,0.0,0.0,0.0,0.0,0.0,6.7,11.1,13.0,12.9,8.0,11.5,19.8,15.1,20.0,25.3,0.0,0.0,0.0,0.0,0.0,0.0,12.1,15.0,10.3,11.2,12.2,9.6,13.5,14.1,11.2,15.2,0.04864180088043213,4.598146587610245,98720,4007486
0.0,0.0,0.0,0.0,0.0,0.0,5.7,12.6,16.8,15.1,9.2,14.4,13.5,10.9,20.2,21.7,0.0,0.0,0.0,0.0,0.0,0.0,11.2,14.4,11.2,12.1,13.0,15.0,11.3,7.4,14.9,13.3,0.04816596210002899,4.598418518900871,97721,4007723
0.0,0.0,0.0,0.0,0.0,0.0,12.9,10.3,17.3,15.1,9.2,23.8,17.2,15.1,17.2,22.6,0.0,0.0,0.0,1.0,0.0,0.0,12.1,12.5,13.9,10.4,12.1,14.1,14.0,17.5,8.3,11.5,0.04856118559837341,4.604007452726364,98542,4012594
1.0,0.0,0.0,0.0,1.0,0.0,8.0,7.0,12.9,18.8,14.1,13.6,19.4,9.0,19.1,22.6,0.0,0.0,0.0,0.0,0.0,0.0,8.6,15.0,12.9,11.5,10.2,11.6,10.5,12.1,10.2,9.6,0.04827289283275604,4.598334759473801,97953,4007650
1.0,0.0,0.0,0.0,1.0,0.0,2.4,8.1,14.9,15.6,12.5,16.9,15.4,18.8,13.2,23.4,0.0,0.0,0.0,0.0,0.0,0.0,11.1,12.4,9.4,13.7,12.4,12.5,12.2,16.0,9.3,13.3,0.04818876087665558,4.594362497329712,97779,4004188
0.0,2.0,0.0,0.0,0.0,0.0,12.0,14.1,13.3,12.4,13.0,13.3,13.5,11.2,15.6,22.1,0.0,0.0,0.0,0.0,0.0,0.0,16.5,18.4,8.5,12.4,6.5,14.1,10.5,13.9,12.0,11.3,0.048476919531822205,4.5947744101285934,98341,4004547
1.0,0.0,0.0,0.0,0.0,0.0,16.7,7.2,12.1,15.2,11.1,13.3,16.5,8.8,17.4,27.6,0.0,0.0,0.0,1.0,1.0,0.0,13.3,16.8,7.4,12.2,14.6,13.1,11.5,10.1,11.2,12.4,0.04831859469413757,4.5988040417432785,98028,4008059
0.0,0.0,1.0,0.0,0.0,0.0,3.6,8.0,13.3,17.5,12.4,13.6,13.3,15.1,20.8,24.2,0.0,0.0,0.0,0.0,1.0,0.0,11.2,18.3,15.7,11.3,9.5,10.6,12.1,16.0,11.2,13.1,0.048164770007133484,4.597039356827736,97731,4006521
0.0,0.0,0.0,0.0,0.0,0.0,8.0,9.4,11.0,17.7,12.2,12.5,16.3,11.2,19.1,25.5,0.0,0.0,0.0,0.0,0.0,0.0,11.6,13.5,10.2,12.1,13.0,12.4,12.2,10.4,7.4,13.1,0.048549845814704895,4.589147612452507,98493,3999643
0.0,0.0,0.0,0.0,1.0,0.0,7.0,13.3,12.4,17.5,11.2,18.3,17.4,9.8,17.4,22.0,0.0,0.0,0.0,0.0,0.0,0.0,14.0,16.7,8.5,9.4,11.2,13.4,12.4,8.2,9.4,11.5,0.048382267355918884,4.5997540801763535,98207,4008887
0.0,0.0,1.0,0.0,0.0,0.0,4.7,10.3,11.2,16.0,14.6,14.4,18.9,9.0,20.2,20.0,0.0,0.0,0.0,1.0,0.0,0.0,15.7,14.4,8.5,14.1,10.2,12.4,14.0,8.2,14.7,12.4,0.04840679466724396,4.594476535916328,98220,4004288
0.0,0.0,0.0,0.0,0.0,0.0,16.5,8.2,20.8,12.0,13.0,13.6,16.1,10.0,14.4,23.4,0.0,0.0,0.0,0.0,0.0,0.0,11.3,13.4,15.0,10.2,10.2,14.3,11.3,13.9,6.5,13.3,0.04850965738296509,4.593174949288368,98440,4003153
0.0,0.0,1.0,0.0,0.0,0.0,8.9,9.4,14.1,14.1,14.7,19.1,14.3,10.1,17.0,19.8,0.0,0.0,0.0,0.0,0.0,0.0,13.0,14.3,11.2,14.9,11.1,15.0,12.2,12.4,10.5,14.9,0.048233166337013245,4.600327774882317,97879,4009387
1.0,0.0,0.0,0.0,2.0,0.0,10.0,7.1,13.3,14.9,12.1,11.2,15.7,12.8,23.5,22.0,0.0,0.0,0.0,0.0,0.0,0.0,10.4,13.4,12.4,11.3,6.4,10.4,14.1,11.0,10.3,15.2,0.047984734177589417,4.603548496961594,97387,4012194
1.0,0.0,0.0,0.0,0.0,0.0,12.0,8.1,12.4,17.0,15.1,13.3,19.1,15.8,20.0,19.8,0.0,0.0,0.0,0.0,0.0,0.0,11.2,13.3,10.4,12.2,10.3,12.2,15.0,13.3,14.7,10.5,0.04816673696041107,4.594601154327393,97753,4004396
1.0,0.0,0.0,0.0,0.0,0.0,5.7,9.2,13.3,14.9,10.2,14.6,15.6,14.9,17.2,25.8,0.0,0.0,0.0,0.0,0.0,0.0,11.2,16.8,10.3,13.0,8.4,12.5,10.5,16.5,10.3,11.3,0.048450544476509094,4.59987685084343,98325,4008994
1.0,0.0,0.0,0.0,1.0,0.0,8.1,8.0,14.1,8.9,17.5,14.4,18.3,11.0,19.1,24.0,0.0,0.0,0.0,0.0,0.0,0.0,16.7,15.8,9.5,11.1,9.4,11.5,15.0,13.1,11.3,13.1,0.048373982310295105,4.601752832531929,98179,4010629
0.0,0.0,0.0,0.0,0.0,0.0,10.0,8.3,10.3,13.0,10.1,18.8,20.8,9.1,21.4,25.3,0.0,0.0,0.0,0.0,0.0,0.0,12.2,15.3,9.5,9.4,10.2,13.1,15.7,11.2,5.4,14.3,0.04827466607093811,4.59174071252346,97958,4001903
0.0,0.0,0.0,0.0,1.0,0.0,3.5,8.3,20.0,14.1,16.0,15.2,21.1,10.0,21.4,22.8,0.0,0.0,0.0,0.0,0.0,0.0,11.2,16.2,13.0,12.4,10.3,14.1,12.4,13.9,12.0,12.4,0.048606157302856445,4.586990520358086,98610,3997763
0.0,0.0,0.0,0.0,2.0,0.0,4.7,11.2,11.8,11.2,13.0,18.5,15.6,17.5,17.4,21.7,0.0,0.0,0.0,0.0,0.0,0.0,12.2,11.6,8.3,9.4,12.1,14.3,12.4,14.9,10.3,12.2,0.04836703836917877,4.595188617706299,98143,4004908
1.0,0.0,0.0,0.0,0.0,0.0,4.7,8.2,14.0,9.2,12.5,14.3,21.1,13.2,17.5,26.8,0.0,0.0,0.0,0.0,1.0,0.0,10.3,8.6,11.1,12.2,12.2,13.1,16.8,11.5,10.1,15.2,0.048537418246269226,4.591763660311699,98487,4001923
0.0,0.0,0.0,0.0,0.0,0.0,8.0,4.7,16.7,13.2,11.5,14.4,15.2,16.7,22.1,24.7,0.0,0.0,0.0,0.0,0.0,0.0,12.4,10.5,13.9,10.4,11.5,14.1,10.3,15.7,12.1,15.7,0.04834967851638794,4.593649968504906,98078,4003567
0.0,0.0,0.0,0.0,0.0,0.0,4.8,8.2,11.0,14.0,13.5,14.4,16.3,19.2,21.4,23.7,0.0,0.0,0.0,0.0,1.0,0.0,12.2,13.4,10.2,6.5,10.4,14.1,11.3,14.7,10.3,15.0,0.048335134983062744,4.598247557878494,98086,4007574
1.0,0.0,0.0,0.0,1.0,0.0,3.1,4.3,7.2,8.9,6.3,8.2,8.2,5.2,6.3,12.4,0.0,0.0,0.0,0.0,0.0,0.0,4.0,8.0,5.1,7.8,5.1,4.1,6.1,7.0,4.1,8.0,0.023163706064224243,2.167372278869152,46952,1888992
0.0,0.0,0.0,0.0,0.0,0.0,0.0,0.0,0.0,0.0,0.0,0.0,0.0,0.0,0.0,0.0,0.0,0.0,0.0,0.0,0.0,0.0,0.0,0.0,0.0,0.0,0.0,0.0,0.0,0.0,0.0,0.0,7.301568984985352e-07,7.301568984985352e-07,1,1
0.0,0.0,0.0,0.0,0.0,0.0,0.0,0.0,0.0,0.0,0.0,0.0,0.0,0.0,0.0,0.0,0.0,0.0,0.0,0.0,0.0,0.0,0.0,0.0,0.0,0.0,0.0,0.0,0.0,0.0,0.0,0.0,7.301568984985352e-07,7.301568984985352e-07,1,1
0.0,0.0,0.0,0.0,0.0,0.0,0.0,0.0,0.0,0.0,0.0,0.0,0.0,0.0,0.0,0.0,0.0,0.0,0.0,0.0,0.0,0.0,0.0,0.0,0.0,0.0,0.0,0.0,0.0,0.0,0.0,0.0,7.301568984985352e-07,7.301568984985352e-07,1,1
0.0,0.0,0.0,0.0,0.0,0.0,0.0,0.0,0.0,0.0,0.0,0.0,0.0,0.0,0.0,0.0,0.0,0.0,0.0,0.0,0.0,0.0,0.0,0.0,0.0,0.0,0.0,0.0,0.0,0.0,0.0,0.0,7.301568984985352e-07,7.301568984985352e-07,1,1
