0.0,0.0,0.0,0.0,0.0,0.0,0.0,0.0,0.0,0.0,0.0,0.0,0.0,0.0,0.0,0.0,0.0,0.0,0.0,0.0,0.0,0.0,0.0,0.0,0.0,0.0,0.0,0.0,0.0,0.0,0.0,0.0,0.0,0.0,0,0
1.0,0.0,0.0,0.0,0.0,1.0,0.0,0.0,74.7,0.0,0.0,0.0,17.8,1.0,0.0,1.0,0.0,0.0,0.0,0.0,0.0,0.0,0.0,0.0,0.0,0.0,0.0,0.0,75.5,0.0,0.0,0.0,0.010275386273860931,21.362800858914852,20886,1895057
0.0,0.0,0.0,0.0,0.0,0.0,0.0,0.0,100.0,0.0,0.0,0.0,0.0,0.0,0.0,0.0,0.0,0.0,0.0,0.0,0.0,0.0,0.0,0.0,0.0,0.0,0.0,0.0,78.8,0.0,0.0,0.0,0.010400265455245972,22.741759702563286,21150,2017671
0.0,0.0,0.0,0.0,0.0,0.0,0.0,0.0,100.0,0.0,0.0,0.0,0.0,0.0,0.0,0.0,0.0,0.0,0.0,0.0,0.0,0.0,0.0,0.0,0.0,0.0,0.0,0.0,78.4,0.0,0.0,0.0,0.010393619537353516,22.762815117836,21136,2019528
0.0,0.0,0.0,0.0,0.0,0.0,0.0,0.0,100.0,0.0,0.0,0.0,0.0,0.0,0.0,0.0,0.0,0.0,0.0,0.0,0.0,0.0,0.0,0.0,0.0,0.0,0.0,0.0,78.6,0.0,0.0,0.0,0.010429516434669495,22.751829639077187,21209,2018513
4.8,0.0,0.0,0.0,0.0,0.0,0.0,0.0,52.0,0.0,1.0,6.0,20.0,0.0,0.0,0.0,0.0,0.0,0.0,0.0,0.0,0.0,0.0,0.0,0.0,0.0,0.0,0.0,70.8,0.0,0.0,0.0,0.009605228900909424,20.251810654997826,19528,1796155
0.0,0.0,0.0,0.0,0.0,0.0,0.0,0.0,100.0,0.0,0.0,0.0,0.0,0.0,0.0,0.0,0.0,0.0,0.0,0.0,0.0,0.0,0.0,0.0,0.0,0.0,0.0,0.0,95.2,0.0,0.0,0.0,0.0131397545337677,27.332425981760025,26720,2423574
0.0,0.0,0.0,0.0,0.0,0.0,0.0,0.0,100.0,0.0,0.0,0.0,0.0,0.0,0.0,0.0,0.0,0.0,0.0,0.0,0.0,0.0,0.0,0.0,0.0,0.0,0.0,0.0,95.2,0.0,0.0,0.0,0.013107523322105408,27.27473282814026,26653,2418404
1.0,0.0,0.0,0.0,0.0,0.0,0.0,0.0,20.0,0.0,43.4,0.0,15.8,0.0,0.0,0.0,1.0,0.0,0.0,0.0,0.0,0.0,0.0,0.0,0.0,0.0,0.0,0.0,67.0,2.0,0.0,0.0,0.009498730301856995,19.487022012472153,19307,1728382
0.0,0.0,0.0,0.0,0.0,0.0,0.0,0.0,0.0,0.0,65.3,0.0,6.1,28.0,0.0,0.0,0.0,0.0,0.0,0.0,0.0,0.0,0.0,0.0,0.0,0.0,0.0,0.0,74.0,5.0,1.0,0.0,0.01012447476387024,22.42276267707348,20586,1989623
0.0,0.0,0.0,0.0,0.0,0.0,0.0,0.0,0.0,0.0,0.0,0.0,0.0,100.0,0.0,0.0,0.0,0.0,0.0,0.0,0.0,0.0,0.0,0.0,0.0,0.0,0.0,0.0,75.0,0.0,8.0,0.0,0.010716691613197327,23.44610705971718,21793,2080466
0.0,0.0,0.0,0.0,0.0,0.0,0.0,0.0,0.0,0.0,0.0,0.0,0.0,100.0,0.0,0.0,1.0,0.0,0.0,0.0,0.0,0.0,0.0,0.0,0.0,0.0,0.0,0.0,74.5,0.0,10.7,0.0,0.010528847575187683,23.503430292010307,21411,2085411
0.0,0.0,0.0,0.0,0.0,0.0,0.0,0.0,0.0,0.0,0.0,0.0,0.0,100.0,0.0,0.0,0.0,0.0,0.0,0.0,0.0,0.0,0.0,0.0,0.0,0.0,0.0,0.0,72.7,0.0,8.0,0.0,0.010499835014343262,23.192237555980682,21352,2057692
2.9,0.0,0.0,0.0,0.0,0.0,0.0,0.0,0.0,0.0,1.0,0.0,11.0,58.0,12.0,0.0,1.0,0.0,0.0,0.0,0.0,0.0,0.0,0.0,0.0,0.0,0.0,0.0,75.9,0.0,24.0,0.0,0.011118441820144653,24.138984948396683,22610,2141430
0.0,1.0,0.0,0.0,0.0,0.0,0.0,0.0,0.0,0.0,8.9,0.0,0.0,0.0,0.0,0.0,0.0,0.0,0.0,0.0,0.0,0.0,0.0,0.0,0.0,0.0,0.0,0.0,73.5,0.0,100.0,0.0,0.010380342602729797,23.134757310152054,21109,2052766
0.0,1.0,0.0,0.0,0.0,0.0,0.0,0.0,0.0,0.0,9.9,0.0,0.0,0.0,0.0,0.0,0.0,0.0,0.0,0.0,0.0,0.0,0.0,0.0,0.0,0.0,0.0,0.0,74.3,0.0,100.0,0.0,0.01035231351852417,23.157546624541283,21052,2054727
0.0,0.0,0.0,0.0,0.0,0.0,0.0,0.0,0.0,0.0,7.1,0.0,0.0,0.0,0.0,0.0,0.0,0.0,1.0,0.0,0.0,0.0,0.0,0.0,0.0,0.0,0.0,0.0,71.9,0.0,100.0,0.0,0.010372966527938843,23.14866177737713,21094,2053947
1.0,0.0,0.0,0.0,0.0,0.0,0.0,0.0,0.0,0.0,8.9,0.0,0.0,0.0,0.0,0.0,0.0,0.0,0.0,0.0,0.0,0.0,0.0,0.0,0.0,0.0,0.0,0.0,72.4,0.0,100.0,0.0,0.010349854826927185,23.20512107014656,21047,2058978
0.0,0.0,0.0,0.0,0.0,0.0,0.0,0.0,0.0,0.0,8.9,0.0,0.0,0.0,0.0,0.0,0.0,0.0,0.0,0.0,0.0,0.0,0.0,0.0,0.0,0.0,0.0,0.0,74.3,0.0,100.0,0.0,0.01035231351852417,23.20650564134121,21052,2059139
0.0,0.0,0.0,0.0,0.0,0.0,0.0,0.0,0.0,0.0,7.1,0.0,0.0,0.0,0.0,0.0,0.0,1.0,0.0,0.0,0.0,0.0,0.0,0.0,0.0,0.0,0.0,0.0,73.3,0.0,100.0,0.0,0.010348871350288391,23.21244002878666,21045,2059689
0.0,1.0,0.0,0.0,0.0,0.0,0.0,0.0,0.0,0.0,9.8,0.0,0.0,0.0,0.0,0.0,0.0,0.0,0.0,0.0,0.0,0.0,0.0,0.0,0.0,0.0,0.0,0.0,72.9,0.0,100.0,0.0,0.010359197854995728,23.246373638510704,21066,2062615
0.0,0.0,0.0,0.0,0.0,0.0,0.0,0.0,0.0,0.0,9.8,0.0,0.0,0.0,0.0,0.0,0.0,0.0,0.0,0.0,0.0,0.0,0.0,0.0,0.0,0.0,0.0,0.0,73.8,0.0,100.0,0.0,0.010388210415840149,23.238197460770607,21125,2061953
0.0,1.0,0.0,0.0,0.0,0.0,0.0,0.0,0.0,0.0,12.4,0.0,0.0,0.0,0.0,0.0,0.0,0.0,0.0,0.0,0.0,0.0,0.0,0.0,0.0,0.0,0.0,0.0,72.4,0.0,100.0,0.0,0.010380834341049194,23.223931401968002,21110,2060634
0.0,0.0,0.0,0.0,0.0,0.0,0.0,0.0,0.0,0.0,7.1,0.0,0.0,0.0,0.0,0.0,0.0,0.0,0.0,0.0,0.0,0.0,0.0,0.0,0.0,0.0,0.0,0.0,72.2,0.0,100.0,0.0,0.010376900434494019,23.25589308142662,21102,2063386
0.0,0.0,0.0,0.0,0.0,0.0,0.0,0.0,0.0,0.0,10.7,0.0,0.0,0.0,0.0,0.0,0.0,0.0,0.0,0.0,0.0,0.0,0.0,0.0,0.0,0.0,0.0,0.0,73.3,0.0,100.0,0.0,0.010425582528114319,23.248469725251198,21201,2062753
0.0,0.0,0.0,0.0,0.0,0.0,0.0,0.0,0.0,0.0,8.9,0.0,0.0,0.0,0.0,0.0,0.0,0.0,0.0,0.0,0.0,0.0,0.0,0.0,0.0,0.0,0.0,0.0,73.3,0.0,100.0,0.0,0.010409355163574219,23.224942162632942,21168,2060629
0.0,0.0,0.0,0.0,0.0,0.0,0.0,0.0,0.0,0.0,8.0,0.0,0.0,0.0,0.0,0.0,0.0,1.0,1.0,0.0,0.0,0.0,0.0,0.0,0.0,0.0,0.0,0.0,75.0,0.0,100.0,0.0,0.010371983051300049,23.249842643737793,21092,2063000
0.0,0.0,0.0,0.0,0.0,0.0,0.0,0.0,0.0,0.0,8.9,0.0,0.0,0.0,0.0,0.0,0.0,0.0,0.0,0.0,0.0,0.0,0.0,0.0,0.0,0.0,0.0,0.0,73.8,0.0,100.0,0.0,0.010367557406425476,23.231615349650383,21083,2061387
0.0,0.0,0.0,0.0,0.0,0.0,0.0,0.0,0.0,0.0,8.1,0.0,0.0,0.0,0.0,0.0,0.0,0.0,0.0,0.0,0.0,0.0,0.0,0.0,0.0,0.0,0.0,0.0,73.0,0.0,100.0,0.0,0.0104123055934906,23.243360817432404,21174,2062324
0.0,0.0,0.0,0.0,0.0,0.0,0.0,0.0,0.0,0.0,8.9,0.0,0.0,0.0,0.0,0.0,0.0,0.0,0.0,0.0,0.0,0.0,0.0,0.0,0.0,0.0,0.0,0.0,75.5,0.0,100.0,0.0,0.010387718677520752,23.238851696252823,21124,2061930
0.0,0.0,0.0,0.0,0.0,0.0,0.0,0.0,0.0,0.0,5.2,0.0,0.0,0.0,0.0,0.0,0.0,0.0,0.0,0.0,0.0,0.0,0.0,0.0,0.0,0.0,0.0,0.0,72.7,0.0,100.0,0.0,0.010416239500045776,23.230149298906326,21182,2061170
1.0,0.0,0.0,0.0,0.0,0.0,0.0,0.0,0.0,0.0,8.0,0.0,0.0,0.0,0.0,0.0,0.0,0.0,0.0,0.0,0.0,0.0,0.0,0.0,0.0,0.0,0.0,0.0,74.3,0.0,100.0,0.0,0.01038476824760437,23.232828110456467,21118,2061418
0.0,0.0,0.0,0.0,0.0,0.0,0.0,0.0,0.0,0.0,9.8,0.0,0.0,0.0,0.0,0.0,0.0,0.0,0.0,0.0,0.0,0.0,0.0,0.0,0.0,0.0,0.0,0.0,72.2,0.0,100.0,0.0,0.010335594415664673,23.24675042927265,21018,2062725
0.0,0.0,0.0,0.0,0.0,0.0,0.0,0.0,0.0,0.0,8.0,0.0,0.0,0.0,0.0,0.0,0.0,0.0,0.0,0.0,0.0,0.0,0.0,0.0,0.0,0.0,0.0,0.0,73.7,0.0,100.0,0.0,0.010407879948616028,23.24780283868313,21165,2062799
0.0,1.0,0.0,0.0,0.0,0.0,0.0,0.0,0.0,0.0,8.1,0.0,0.0,0.0,0.0,0.0,0.0,0.0,0.0,0.0,0.0,0.0,0.0,0.0,0.0,0.0,0.0,0.0,73.8,0.0,100.0,0.0,0.010392144322395325,23.249919518828392,21133,2062915
0.0,0.0,0.0,0.0,0.0,0.0,0.0,0.0,0.0,0.0,9.8,0.0,0.0,0.0,0.0,0.0,0.0,0.0,0.0,0.0,0.0,0.0,0.0,0.0,0.0,0.0,0.0,0.0,74.5,0.0,100.0,0.0,0.010355263948440552,23.26001586019993,21058,2063877
0.0,1.0,0.0,0.0,0.0,0.0,0.0,0.0,0.0,0.0,8.0,0.0,0.0,0.0,0.0,0.0,0.0,0.0,0.0,0.0,0.0,0.0,0.0,0.0,0.0,0.0,0.0,0.0,73.8,0.0,100.0,0.0,0.010406404733657837,23.24166789650917,21162,2062238
0.0,0.0,0.0,0.0,0.0,0.0,0.0,0.0,0.0,0.0,7.1,0.0,0.0,0.0,0.0,0.0,0.0,0.0,0.0,0.0,0.0,0.0,0.0,0.0,0.0,0.0,0.0,0.0,74.0,0.0,100.0,0.0,0.010410338640213013,23.244202345609665,21170,2062346
0.0,0.0,0.0,0.0,0.0,0.0,0.0,0.0,0.0,0.0,8.9,0.0,0.0,0.0,0.0,0.0,0.0,0.0,0.0,0.0,0.0,0.0,0.0,0.0,0.0,0.0,0.0,0.0,73.3,0.0,100.0,0.0,0.010439842939376831,23.253818035125732,21230,2063252
0.0,0.0,0.0,0.0,0.0,0.0,0.0,0.0,0.0,0.0,9.9,0.0,0.0,0.0,0.0,0.0,0.0,1.0,0.0,0.0,0.0,0.0,0.0,0.0,0.0,0.0,0.0,0.0,75.7,0.0,100.0,0.0,0.010392144322395325,23.26840877532959,21133,2064600
0.0,0.0,0.0,0.0,0.0,0.0,0.0,0.0,0.0,0.0,9.8,0.0,0.0,0.0,0.0,0.0,0.0,0.0,0.0,0.0,0.0,0.0,0.0,0.0,0.0,0.0,0.0,0.0,74.5,0.0,100.0,0.0,0.010422632098197937,23.235822215676308,21195,2061649
0.0,0.0,0.0,0.0,0.0,0.0,0.0,0.0,0.0,0.0,7.1,0.0,0.0,0.0,0.0,0.0,0.0,0.0,0.0,0.0,0.0,0.0,0.0,0.0,0.0,0.0,0.0,0.0,71.3,0.0,100.0,0.0,0.010380834341049194,23.247054934501648,21110,2062728
0.0,0.0,0.0,0.0,0.0,0.0,0.0,0.0,0.0,0.0,8.9,0.0,0.0,0.0,0.0,0.0,1.0,0.0,0.0,0.0,0.0,0.0,0.0,0.0,0.0,0.0,0.0,0.0,72.2,0.0,100.0,0.0,0.010403454303741455,23.239799201488495,21156,2061992
0.0,0.0,0.0,0.0,0.0,0.0,0.0,0.0,0.0,0.0,13.2,0.0,0.0,0.0,0.0,0.0,0.0,0.0,0.0,0.0,0.0,0.0,0.0,0.0,0.0,0.0,0.0,0.0,73.0,0.0,100.0,0.0,0.010378867387771606,23.241781651973724,21106,2062228
1.0,0.0,0.0,0.0,0.0,0.0,0.0,0.0,0.0,0.0,8.1,0.0,0.0,0.0,0.0,0.0,1.0,0.0,0.0,0.0,0.0,0.0,0.0,0.0,0.0,0.0,0.0,0.0,72.2,0.0,100.0,0.0,0.010380342602729797,23.23191887140274,21109,2061368
0.0,0.0,0.0,0.0,0.0,0.0,0.0,1.0,0.0,0.0,6.1,0.0,0.0,0.0,0.0,0.0,0.0,0.0,0.0,0.0,0.0,0.0,0.0,0.0,0.0,0.0,0.0,0.0,73.5,0.0,100.0,0.0,0.010395586490631104,23.237698689103127,21140,2061845
0.0,0.0,0.0,0.0,0.0,0.0,0.0,0.0,0.0,0.0,5.2,0.0,0.0,0.0,0.0,0.0,0.0,0.0,0.0,0.0,0.0,0.0,0.0,0.0,0.0,0.0,0.0,0.0,73.5,0.0,100.0,0.0,0.010367065668106079,23.250178933143616,21082,2062916
0.0,0.0,0.0,0.0,0.0,0.0,0.0,0.0,0.0,0.0,6.1,0.0,0.0,0.0,0.0,0.0,1.0,0.0,0.0,0.0,0.0,0.0,0.0,0.0,0.0,0.0,0.0,0.0,73.8,0.0,100.0,0.0,0.010384723544120789,23.26125267148018,21118,2063957
0.0,0.0,0.0,0.0,0.0,0.0,0.0,0.0,0.0,0.0,6.1,0.0,0.0,0.0,0.0,0.0,0.0,0.0,0.0,0.0,0.0,0.0,0.0,0.0,0.0,0.0,0.0,0.0,72.4,0.0,100.0,0.0,0.010393872857093811,23.250354424118996,21137,2062973
0.0,0.0,0.0,0.0,0.0,0.0,0.0,0.0,0.0,0.0,8.9,0.0,0.0,0.0,0.0,0.0,0.0,0.0,0.0,0.0,0.0,0.0,0.0,0.0,0.0,0.0,0.0,0.0,74.0,0.0,100.0,0.0,0.010412797331809998,23.259695425629616,21175,2063789
0.0,0.0,0.0,0.0,0.0,0.0,0.0,0.0,0.0,0.0,9.9,0.0,0.0,0.0,0.0,0.0,0.0,0.0,0.0,0.0,0.0,0.0,0.0,0.0,0.0,0.0,0.0,0.0,73.7,0.0,100.0,0.0,0.010384276509284973,23.263814330101013,21117,2064208
0.0,0.0,0.0,0.0,0.0,0.0,0.0,0.0,0.0,0.0,8.9,0.0,0.0,0.0,0.0,0.0,0.0,0.0,0.0,0.0,0.0,0.0,0.0,0.0,0.0,0.0,0.0,0.0,73.0,0.0,100.0,0.0,0.010380342602729797,23.290870040655136,21109,2066574
0.0,0.0,0.0,0.0,0.0,0.0,0.0,0.0,0.0,0.0,10.7,0.0,0.0,0.0,0.0,0.0,0.0,0.0,0.0,0.0,0.0,0.0,0.0,0.0,0.0,0.0,0.0,0.0,73.8,0.0,100.0,0.0,0.010408863425254822,23.276679053902626,21167,2065293
0.0,0.0,0.0,0.0,0.0,0.0,0.0,0.0,0.0,0.0,8.0,0.0,1.0,0.0,0.0,0.0,0.0,0.0,0.0,0.0,0.0,0.0,0.0,0.0,0.0,0.0,0.0,0.0,73.0,0.0,100.0,0.0,0.010387718677520752,23.276121497154236,21124,2065300
0.0,0.0,0.0,0.0,0.0,0.0,0.0,0.0,0.0,0.0,7.1,0.0,0.0,0.0,0.0,0.0,0.0,0.0,0.0,0.0,0.0,0.0,0.0,0.0,0.0,0.0,0.0,0.0,73.5,0.0,100.0,0.0,0.010392636060714722,23.267532736063004,21134,2064442
0.0,0.0,0.0,0.0,0.0,0.0,0.0,0.0,0.0,0.0,10.7,0.0,0.0,0.0,0.0,0.0,0.0,0.0,0.0,0.0,0.0,0.0,0.0,0.0,0.0,0.0,0.0,0.0,74.0,0.0,100.0,0.0,0.010409355163574219,23.26886886358261,21168,2064680
0.0,0.0,0.0,0.0,0.0,0.0,0.0,0.0,0.0,0.0,8.1,0.0,0.0,0.0,0.0,0.0,0.0,0.0,1.0,0.0,0.0,0.0,0.0,0.0,0.0,0.0,0.0,0.0,74.3,0.0,100.0,0.0,0.010389193892478943,23.27322731912136,21127,2064987
0.0,0.0,0.0,0.0,0.0,0.0,0.0,0.0,0.0,0.0,11.5,0.0,0.0,0.0,0.0,0.0,0.0,0.0,0.0,0.0,0.0,0.0,0.0,0.0,0.0,0.0,0.0,0.0,73.5,0.0,100.0,0.0,0.010468363761901855,23.259513452649117,21288,2063689
1.0,0.0,0.0,0.0,0.0,0.0,0.0,0.0,0.0,0.0,6.9,42.6,10.9,2.0,0.0,0.0,0.0,0.0,0.0,0.0,0.0,0.0,0.0,0.0,0.0,0.0,1.0,0.0,74.5,0.0,46.5,0.0,0.01044127345085144,22.145233646035194,21230,1964845
1.0,0.0,0.0,0.0,0.0,0.0,0.0,0.0,0.0,33.0,0.0,62.0,10.9,0.0,0.0,0.0,0.0,0.0,0.0,0.0,0.0,0.0,0.0,0.0,0.0,0.0,0.0,0.0,81.5,4.9,0.0,0.0,0.01080121099948883,23.251104682683945,21961,2062526
0.0,0.0,0.0,0.0,0.0,0.0,0.0,1.0,0.0,94.1,0.0,0.0,0.0,0.0,0.0,0.0,0.0,0.0,0.0,0.0,0.0,0.0,0.0,0.0,0.0,0.0,0.0,0.0,81.1,9.2,0.0,0.0,0.011970870196819305,24.96479255706072,24333,2213785
0.0,0.0,0.0,0.0,0.0,0.0,0.0,0.0,0.0,0.0,0.0,0.0,0.0,0.0,0.0,0.0,0.0,0.0,0.0,0.0,0.0,0.0,0.0,0.0,0.0,0.0,0.0,0.0,0.0,0.0,0.0,0.0,3.889203071594238e-06,3.1962990760803223e-06,3,6
0.0,0.0,0.0,0.0,0.0,0.0,0.0,0.0,0.0,0.0,0.0,0.0,0.0,0.0,0.0,0.0,0.0,0.0,0.0,0.0,0.0,0.0,0.0,0.0,0.0,0.0,0.0,0.0,0.0,0.0,0.0,0.0,7.301568984985352e-07,7.301568984985352e-07,1,1
0.0,0.0,0.0,0.0,0.0,0.0,0.0,0.0,0.0,0.0,0.0,0.0,0.0,0.0,0.0,0.0,0.0,0.0,0.0,0.0,0.0,0.0,0.0,0.0,0.0,0.0,0.0,0.0,0.0,0.0,0.0,0.0,7.301568984985352e-07,7.301568984985352e-07,1,1
0.0,0.0,0.0,0.0,0.0,0.0,0.0,0.0,0.0,0.0,0.0,0.0,0.0,0.0,0.0,0.0,0.0,0.0,0.0,0.0,0.0,0.0,0.0,0.0,0.0,0.0,0.0,0.0,0.0,0.0,0.0,0.0,7.301568984985352e-07,7.301568984985352e-07,1,1
