0.0,0.0,0.0,0.0,0.0,0.0,0.0,0.0,0.0,0.0,0.0,0.0,0.0,0.0,0.0,0.0,0.0,0.0,0.0,0.0,0.0,0.0,0.0,0.0,0.0,0.0,0.0,0.0,0.0,0.0,0.0,0.0,0.0,0.0,0,0
2.0,0.0,0.0,0.0,0.0,1.0,2.0,0.0,0.0,63.3,59.8,41.0,33.0,0.0,32.0,0.0,0.0,0.0,0.0,0.0,0.0,8.2,8.2,8.2,68.3,10.2,8.3,7.2,8.1,56.4,12.4,8.1,24.734726525843143,0.23559317737817764,21557432,475116
2.0,0.0,0.0,0.0,0.0,0.0,0.0,0.0,0.0,68.0,61.3,40.8,34.0,2.0,31.7,0.0,0.0,0.0,0.0,0.0,0.0,7.8,8.7,5.1,68.0,4.2,7.8,4.1,4.0,53.2,10.0,3.0,26.41763560473919,0.2498539239168167,23024131,503873
2.9,0.0,0.0,0.0,0.0,0.0,0.0,0.0,0.0,69.9,61.1,36.0,36.6,0.0,31.3,0.0,0.0,0.0,0.0,0.0,0.0,3.1,7.8,5.1,65.3,3.2,7.0,2.1,4.0,57.5,9.1,2.0,26.48121340572834,0.2495887130498886,23079547,503383
2.0,0.0,0.0,0.0,0.0,0.0,2.0,0.0,0.0,67.0,63.4,40.8,36.1,0.0,33.3,0.0,0.0,0.0,0.0,0.0,0.0,5.0,7.0,5.1,68.6,6.1,5.1,5.1,2.0,51.1,9.2,3.1,26.599044486880302,0.25211599469184875,23182241,508710
2.0,0.0,0.0,0.0,0.0,0.0,1.0,0.0,0.0,68.7,60.6,38.3,39.2,0.0,30.6,0.0,0.0,0.0,0.0,0.0,0.0,4.1,6.1,6.9,68.3,8.0,5.1,6.0,4.1,53.1,9.1,4.0,26.53059494495392,0.25044041872024536,23122580,505370
2.0,0.0,0.0,0.0,0.0,0.0,0.0,0.0,0.0,68.0,60.0,41.2,38.0,0.0,33.7,0.0,0.0,0.0,0.0,0.0,0.0,1.0,2.1,5.1,67.9,6.1,7.0,2.1,5.0,52.1,10.0,4.0,26.76994927227497,0.24938231706619263,23331193,503760
1.0,0.0,0.0,0.0,0.0,0.0,1.0,0.0,0.0,70.3,61.5,44.7,37.4,2.0,29.6,0.0,0.0,0.0,0.0,0.0,0.0,6.9,2.1,6.0,65.7,6.1,6.9,6.0,4.0,55.0,9.2,5.0,26.526935651898384,0.25067533552646637,23119393,505733
1.0,0.0,0.0,0.0,0.0,0.0,2.0,0.0,0.0,69.6,64.2,42.6,34.7,0.0,30.9,0.0,0.0,0.0,0.0,0.0,0.0,4.0,3.1,5.1,66.0,3.2,4.1,3.1,4.0,54.5,10.0,2.1,26.59427283704281,0.25106650590896606,23178083,506262
1.0,0.0,0.0,0.0,0.0,0.0,0.0,0.0,0.0,69.0,64.1,42.6,39.0,0.0,33.7,0.0,0.0,0.0,0.0,0.0,0.0,3.1,6.9,3.1,65.7,4.1,7.8,3.1,5.9,54.5,11.9,3.1,26.640515685081482,0.25097157061100006,23218384,506285
0.0,0.0,0.0,0.0,0.0,0.0,1.0,0.0,0.0,70.2,63.7,43.1,36.4,0.0,35.2,0.0,0.0,0.0,0.0,0.0,0.0,5.1,4.1,5.1,66.3,3.2,5.1,3.1,5.9,53.5,10.0,5.0,26.595238476991653,0.25114986300468445,23178922,506848
2.0,0.0,0.0,0.0,0.0,0.0,2.0,0.0,0.0,65.0,62.0,39.6,40.8,0.0,31.3,0.0,0.0,0.0,0.0,0.0,0.0,6.9,8.7,5.0,68.2,6.1,4.1,2.1,4.1,54.5,9.9,3.1,26.586917713284492,0.2498856782913208,23171677,504702
1.0,0.0,0.0,0.0,0.0,0.0,2.0,0.0,0.0,69.6,63.0,42.6,42.1,0.0,33.3,0.0,0.0,0.0,0.0,0.0,0.0,5.9,6.1,4.1,66.7,7.1,3.1,4.0,3.1,51.5,5.3,4.0,26.604129552841187,0.2506495714187622,23186672,505816
2.9,0.0,0.0,0.0,0.0,0.0,0.0,0.0,0.0,69.9,61.2,48.6,39.2,0.0,34.6,0.0,0.0,0.0,0.0,0.0,0.0,6.9,3.1,2.1,67.3,4.1,4.1,3.1,5.0,52.5,10.0,4.0,26.607149049639702,0.2517417371273041,23189305,507800
2.0,0.0,0.0,0.0,0.0,0.0,0.0,0.0,0.0,70.5,61.5,40.8,38.8,2.0,35.8,0.0,0.0,0.0,0.0,0.0,0.0,6.0,3.1,5.1,66.7,6.1,4.1,3.1,5.0,54.1,9.1,2.1,26.649296388030052,0.25067661702632904,23226035,506027
2.0,0.0,0.0,0.0,0.0,0.0,0.0,0.0,0.0,70.0,63.5,45.2,42.6,0.0,36.4,0.0,0.0,0.0,0.0,0.0,0.0,2.1,7.8,4.1,69.8,5.1,3.1,6.0,5.1,55.0,10.0,4.0,26.67086461186409,0.2514481395483017,23244834,507633
1.0,0.0,0.0,0.0,0.0,0.0,0.0,0.0,0.0,69.0,63.1,42.4,36.1,0.0,31.2,0.0,0.0,0.0,0.0,0.0,0.0,6.0,6.0,5.9,65.7,6.1,4.1,5.0,4.0,52.6,7.3,5.9,26.60420897603035,0.2512158900499344,23186744,506521
1.0,0.0,0.0,0.0,0.0,0.0,0.0,0.0,0.0,69.7,61.5,45.2,38.8,0.0,29.9,0.0,0.0,0.0,0.0,0.0,0.0,2.1,6.0,6.0,66.3,6.1,5.1,4.1,3.1,57.3,9.1,3.1,26.619386240839958,0.2522779554128647,23199967,509113
1.0,0.0,0.0,0.0,0.0,0.0,0.0,0.0,0.0,69.6,61.5,44.3,38.8,1.0,31.3,0.0,0.0,0.0,0.0,0.0,0.0,4.1,3.1,3.1,57.3,2.1,6.1,4.1,5.9,55.1,9.1,3.0,26.788078472018242,0.2520602345466614,23346991,508640
0.0,0.0,0.0,0.0,0.0,0.0,0.0,0.0,0.0,68.0,61.2,40.8,39.2,0.0,31.3,0.0,0.0,0.0,0.0,0.0,0.0,5.0,3.1,4.1,63.1,3.2,4.1,3.1,2.1,51.6,9.2,1.0,26.849064245820045,0.25212930142879486,23400143,508923
2.0,0.0,0.0,0.0,0.0,0.0,0.0,0.0,0.0,67.4,62.7,41.0,36.4,0.0,34.6,0.0,0.0,0.0,0.0,0.0,0.0,3.1,6.9,8.7,66.0,2.1,5.1,5.0,5.0,56.6,9.1,4.0,26.70364820957184,0.2497493028640747,23273410,504150
2.0,0.0,0.0,0.0,0.0,0.0,1.0,0.0,0.0,69.0,62.4,38.9,34.0,0.0,32.0,0.0,0.0,0.0,0.0,0.0,0.0,4.1,5.1,5.1,64.9,2.1,4.1,3.1,4.0,52.6,6.2,3.1,26.55675746500492,0.24861572682857513,23145385,501507
2.9,0.0,0.0,0.0,0.0,0.0,0.0,0.0,0.0,69.3,62.4,40.2,36.7,0.0,32.7,0.0,0.0,0.0,0.0,0.0,0.0,4.1,4.1,5.1,68.0,7.9,4.1,3.1,4.0,56.6,9.2,4.0,26.481980353593826,0.2484479546546936,23080220,500828
1.0,0.0,0.0,0.0,0.0,0.0,2.0,0.0,0.0,67.0,60.8,39.8,38.2,0.0,31.3,0.0,0.0,0.0,0.0,0.0,0.0,5.0,3.1,4.1,63.9,3.2,2.1,3.1,2.1,53.1,9.1,3.1,26.643646970391273,0.24875548481941223,23221117,501924
2.0,0.0,0.0,0.0,0.0,0.0,2.9,0.0,0.0,65.2,61.5,42.6,36.4,0.0,30.2,0.0,0.0,0.0,0.0,0.0,0.0,4.1,5.1,5.1,65.6,3.2,6.0,4.1,5.0,53.6,11.9,4.0,26.591421082615852,0.2492246776819229,23175597,502485
1.0,0.0,0.0,0.0,0.0,0.0,0.0,0.0,0.0,64.4,61.0,39.2,37.6,0.0,34.0,0.0,0.0,0.0,0.0,0.0,0.0,4.1,4.1,3.1,66.3,3.1,5.1,3.1,4.1,51.6,8.2,3.1,26.651098057627678,0.2490464746952057,23227607,502330
2.0,0.0,0.0,0.0,0.0,0.0,1.0,0.0,0.0,66.3,63.5,40.4,39.2,0.0,29.9,0.0,0.0,0.0,0.0,0.0,0.0,5.9,3.1,2.1,67.0,4.1,3.1,2.1,4.0,55.0,10.9,2.0,26.53847497701645,0.24854643642902374,23129452,501223
2.9,0.0,0.0,0.0,0.0,0.0,1.0,0.0,0.0,66.0,61.2,42.6,37.6,0.0,30.6,0.0,0.0,0.0,0.0,0.0,0.0,3.1,3.1,2.1,68.0,4.2,2.1,2.1,3.1,53.1,6.3,4.0,26.55033314228058,0.24944978952407837,23139788,503368
1.0,0.0,0.0,0.0,0.0,0.0,0.0,0.0,0.0,65.9,61.1,37.9,35.7,0.0,27.7,0.0,0.0,0.0,0.0,0.0,1.0,6.0,4.1,5.1,65.0,3.2,5.1,1.1,3.1,54.5,6.2,1.0,26.57741668820381,0.24918988347053528,23163388,502840
1.0,0.0,0.0,0.0,2.0,0.0,0.0,0.0,0.0,69.0,57.3,40.8,37.1,0.0,32.4,0.0,0.0,0.0,0.0,0.0,0.0,6.0,4.1,2.1,67.0,1.1,3.1,3.1,4.0,54.5,9.1,1.0,26.523507177829742,0.2475893795490265,23116404,499534
1.0,0.0,0.0,0.0,1.0,0.0,1.0,0.0,0.0,68.4,61.1,38.5,37.4,0.0,29.2,0.0,0.0,0.0,0.0,0.0,0.0,3.1,5.1,4.0,63.8,5.1,4.1,2.1,4.1,53.6,8.2,2.0,26.66655918955803,0.24863654375076294,23241082,501800
1.0,0.0,0.0,0.0,0.0,0.0,2.0,0.0,0.0,65.2,57.0,40.6,37.6,0.0,30.3,0.0,0.0,0.0,0.0,0.0,0.0,3.1,4.1,5.1,63.7,5.2,2.1,4.1,3.1,50.5,10.1,2.0,26.680040940642357,0.24817924201488495,23252834,501194
2.9,0.0,0.0,0.0,0.0,0.0,1.0,0.0,0.0,64.6,57.8,33.3,32.3,0.0,29.5,0.0,0.0,0.0,0.0,0.0,0.0,2.1,3.1,5.1,64.5,6.1,5.1,2.1,5.0,52.1,9.1,4.0,26.831279069185257,0.24919721484184265,23384646,503114
2.0,0.0,0.0,0.0,0.0,0.0,0.0,0.0,0.0,68.1,60.4,40.4,35.4,0.0,32.0,0.0,0.0,0.0,0.0,0.0,0.0,4.1,4.1,4.1,64.9,4.1,4.1,6.0,4.0,55.9,8.2,2.0,26.589272677898407,0.24934077262878418,23173724,502976
2.0,0.0,0.0,0.0,0.0,0.0,1.0,0.0,0.0,68.7,63.1,36.2,39.0,0.0,34.3,0.0,0.0,0.0,0.0,0.0,0.0,2.1,4.1,4.1,68.6,6.1,6.0,3.0,5.0,48.0,7.2,3.1,26.64227057993412,0.24813267588615417,23219915,500738
2.9,0.0,0.0,0.0,0.0,0.0,2.0,0.0,0.0,68.0,59.6,36.8,38.0,0.0,33.7,0.0,0.0,0.0,0.0,0.0,0.0,4.0,4.1,5.1,66.7,6.1,5.1,3.1,4.0,53.5,6.3,5.0,26.600549533963203,0.24787548184394836,23183551,500028
0.0,0.0,0.0,0.0,0.0,0.0,0.0,0.0,0.0,67.7,61.1,40.4,37.6,0.0,31.3,0.0,0.0,0.0,0.0,0.0,0.0,3.1,5.1,4.1,68.9,2.1,6.9,5.0,3.1,54.0,9.1,2.1,26.670215755701065,0.24860258400440216,23244270,501799
1.0,0.0,0.0,0.0,0.0,0.0,0.0,0.0,0.0,68.9,62.1,38.5,36.4,0.0,24.5,0.0,0.0,0.0,0.0,0.0,0.0,6.9,5.1,3.1,67.3,4.2,5.1,1.1,4.0,57.0,6.2,4.0,26.81193408370018,0.2498401701450348,23367782,504930
1.0,0.0,0.0,0.0,0.0,0.0,0.0,0.0,0.0,66.7,62.0,43.7,35.7,0.0,24.2,0.0,0.0,0.0,0.0,0.0,0.0,4.1,3.1,5.9,67.6,5.2,4.1,3.1,5.1,54.0,8.1,1.0,26.92455804347992,0.2494024932384491,23465942,503710
2.0,0.0,0.0,0.0,0.0,0.0,0.0,0.0,0.0,68.7,59.8,40.4,36.4,0.0,35.8,0.0,0.0,0.0,0.0,0.0,0.0,5.9,2.1,5.1,68.3,3.2,4.1,3.1,4.0,51.0,7.2,4.0,26.65923148393631,0.24923180043697357,23234696,502879
1.0,0.0,0.0,0.0,0.0,0.0,1.0,0.0,0.0,68.3,60.0,33.7,34.7,0.0,32.7,0.0,0.0,0.0,0.0,0.0,0.0,5.1,3.1,3.1,67.0,5.1,5.1,4.1,4.0,53.5,8.2,4.0,26.77182899415493,0.24831311404705048,23332831,501389
2.0,0.0,0.0,0.0,0.0,0.0,1.0,0.0,0.0,68.0,61.5,41.2,35.7,0.0,30.6,0.0,0.0,0.0,0.0,0.0,0.0,5.0,5.1,7.8,60.8,4.2,7.9,1.0,2.1,55.0,10.9,2.0,27.019015580415726,0.25176486372947693,23548262,508358
2.0,0.0,0.0,0.0,0.0,0.0,1.0,0.0,0.0,69.3,60.0,42.6,40.4,0.0,32.7,0.0,0.0,0.0,0.0,0.0,0.0,4.1,5.1,6.9,68.7,2.1,5.1,3.1,4.0,53.6,9.2,5.9,26.633770033717155,0.2516632378101349,23212505,507906
2.0,0.0,0.0,0.0,0.0,0.0,0.0,0.0,0.0,69.0,64.4,40.4,38.2,0.0,33.3,0.0,0.0,0.0,0.0,0.0,0.0,5.0,3.1,5.1,60.6,6.1,8.8,3.1,2.1,56.3,11.8,2.0,26.715037271380424,0.24938665330410004,23283339,503407
2.0,0.0,0.0,0.0,0.0,0.0,0.0,0.0,0.0,67.7,62.0,39.8,35.1,0.0,34.3,0.0,0.0,0.0,0.0,0.0,0.0,4.1,2.1,4.1,65.3,4.2,6.1,3.1,4.0,55.0,8.2,3.0,26.76847131550312,0.2512800246477127,23329903,506959
2.0,0.0,0.0,0.0,0.0,0.0,1.0,0.0,0.0,68.3,62.6,42.7,39.2,0.0,34.6,0.0,0.0,0.0,0.0,0.0,0.0,6.9,4.1,6.0,65.7,3.1,5.1,4.0,2.1,55.4,7.3,3.1,26.739565536379814,0.251007616519928,23304711,506782
2.0,0.0,0.0,0.0,0.0,0.0,1.0,0.0,0.0,68.7,62.4,43.7,37.3,0.0,28.4,0.0,0.0,0.0,0.0,0.0,0.0,4.1,6.0,3.1,66.0,4.2,4.1,3.1,3.1,53.6,5.3,2.0,26.689879551529884,0.25138385593891144,23261409,507227
2.0,0.0,0.0,0.0,0.0,0.0,0.0,0.0,0.0,68.0,59.6,37.9,38.5,0.0,34.0,0.0,0.0,0.0,0.0,0.0,0.0,5.0,6.0,7.8,68.6,3.1,6.9,4.0,1.0,53.6,8.2,4.0,26.64864417910576,0.2498025894165039,23225474,504096
1.0,0.0,0.0,0.0,0.0,0.0,0.0,0.0,0.0,63.3,62.1,37.5,38.8,0.0,31.6,0.0,0.0,0.0,0.0,0.0,0.0,4.1,4.1,5.1,66.0,8.0,3.1,4.1,1.0,56.6,10.1,2.1,26.722401723265648,0.24773941934108734,23289753,500217
2.0,0.0,0.0,0.0,0.0,0.0,0.0,0.0,0.0,67.6,61.2,42.2,35.4,0.0,33.7,0.0,0.0,0.0,0.0,0.0,0.0,4.1,4.1,1.1,66.0,4.1,6.0,5.1,5.0,51.1,10.0,3.0,26.747779935598373,0.24961018562316895,23311870,503888
1.0,0.0,0.0,0.0,0.0,0.0,1.0,0.0,0.0,68.0,59.8,43.1,38.8,1.0,25.3,0.0,0.0,0.0,0.0,0.0,0.0,5.1,5.0,5.0,63.9,6.1,3.1,5.1,2.1,52.0,8.1,5.0,26.802097409963608,0.24965299665927887,23359210,503839
1.0,0.0,0.0,0.0,0.0,0.0,0.0,0.0,0.0,68.3,59.8,40.4,38.5,0.0,32.3,1.0,0.0,0.0,0.0,0.0,0.0,5.1,2.1,3.1,68.6,5.2,6.1,4.0,4.0,53.6,9.2,4.0,26.556426599621773,0.24834536015987396,23145101,500951
2.0,0.0,0.0,0.0,0.0,0.0,0.0,0.0,0.0,68.7,60.6,43.1,38.0,0.0,34.6,0.0,0.0,0.0,0.0,0.0,0.0,5.1,3.1,6.0,68.4,6.1,6.0,5.1,4.0,54.0,7.3,4.0,26.642527624964714,0.2493448704481125,23220141,503017
1.0,0.0,0.0,0.0,0.0,0.0,0.0,0.0,0.0,67.7,59.2,40.2,40.6,1.0,28.8,0.0,0.0,0.0,0.0,0.0,0.0,3.1,4.1,4.0,66.7,3.2,4.1,5.0,4.1,55.3,6.2,4.0,26.820599123835564,0.24737946689128876,23375337,499473
1.0,0.0,0.0,0.0,0.0,0.0,0.0,0.0,0.0,69.5,61.4,40.6,34.0,0.0,30.2,0.0,0.0,0.0,0.0,0.0,0.0,3.1,4.1,4.1,65.4,5.1,3.1,4.1,5.9,52.6,10.0,5.9,26.75298121571541,0.24747073650360107,23316406,499486
1.0,0.0,0.0,0.0,0.0,0.0,0.0,0.0,0.0,67.7,62.0,42.6,37.6,0.0,30.6,0.0,0.0,0.0,0.0,0.0,0.0,5.1,3.1,6.0,66.3,4.2,4.1,2.1,3.1,51.1,10.0,4.0,26.727311745285988,0.24978266656398773,23294029,504039
2.0,0.0,0.0,0.0,0.0,0.0,1.0,0.0,1.0,65.3,60.4,38.1,34.0,0.0,33.0,0.0,0.0,0.0,0.0,0.0,0.0,7.8,6.0,4.1,66.0,4.2,4.1,5.9,5.0,53.6,7.3,4.0,26.714732974767685,0.2502487599849701,23283068,504768
0.0,0.0,0.0,0.0,0.0,0.0,0.0,0.0,0.0,68.4,61.9,41.4,39.2,1.0,30.6,0.0,0.0,0.0,0.0,0.0,0.0,4.1,4.1,4.1,65.7,6.1,4.1,4.1,3.1,57.5,6.3,2.1,26.71096546947956,0.25063520669937134,23279787,505656
2.0,0.0,0.0,0.0,0.0,0.0,0.0,0.0,0.0,66.0,59.1,40.2,37.6,1.0,30.9,0.0,0.0,0.0,0.0,0.0,0.0,4.1,5.0,4.1,64.6,4.2,3.1,1.1,3.1,57.5,11.1,2.0,26.678650051355362,0.2493584007024765,23251622,503165
0.0,0.0,0.0,0.0,0.0,0.0,0.0,0.0,0.0,68.9,61.5,39.6,38.0,0.0,30.9,0.0,0.0,0.0,0.0,0.0,0.0,3.1,5.1,3.1,65.7,6.1,4.1,3.1,3.1,53.6,7.3,4.0,26.678557842969894,0.25013917684555054,23251542,504554
0.0,0.0,0.0,0.0,0.0,0.0,0.0,0.0,0.0,67.6,57.1,37.9,36.0,0.0,33.0,0.0,0.0,0.0,0.0,0.0,0.0,5.1,5.1,4.1,65.7,3.1,7.0,4.0,2.1,50.0,7.2,2.0,25.690843991935253,0.23999712616205215,22390724,484145
0.0,0.0,0.0,0.0,0.0,0.0,0.0,0.0,0.0,0.0,0.0,0.0,0.0,0.0,0.0,0.0,0.0,0.0,0.0,0.0,0.0,0.0,0.0,0.0,0.0,0.0,0.0,0.0,0.0,0.0,0.0,0.0,6.536394357681274e-05,6.233900785446167e-05,78,72
0.0,0.0,0.0,0.0,0.0,0.0,0.0,0.0,0.0,0.0,0.0,0.0,0.0,0.0,0.0,0.0,0.0,0.0,0.0,0.0,0.0,0.0,0.0,0.0,0.0,0.0,0.0,0.0,0.0,0.0,0.0,0.0,8.031725883483887e-06,8.031725883483887e-06,11,11
0.0,0.0,0.0,0.0,0.0,0.0,0.0,0.0,0.0,0.0,0.0,0.0,0.0,0.0,0.0,0.0,0.0,0.0,0.0,0.0,0.0,0.0,0.0,0.0,0.0,0.0,0.0,0.0,0.0,0.0,0.0,0.0,8.031725883483887e-06,8.031725883483887e-06,11,11
0.0,0.0,0.0,0.0,0.0,0.0,0.0,0.0,0.0,0.0,0.0,0.0,0.0,0.0,0.0,0.0,0.0,0.0,0.0,0.0,0.0,0.0,0.0,0.0,0.0,0.0,0.0,0.0,0.0,0.0,0.0,0.0,8.761882781982422e-06,8.761882781982422e-06,12,12
