0.0,0.0,0.0,0.0,0.0,0.0,0.0,0.0,0.0,0.0,0.0,0.0,0.0,0.0,0.0,0.0,0.0,0.0,0.0,0.0,0.0,0.0,0.0,0.0,0.0,0.0,0.0,0.0,0.0,0.0,0.0,0.0,0.0,0.0,0,0
1.0,1.0,1.0,0.0,0.0,0.0,0.0,0.0,0.0,0.0,1.0,0.0,0.0,2.1,1.0,5.0,0.0,0.0,0.0,0.0,0.0,0.0,4.1,5.1,5.0,5.0,10.1,12.5,13.3,7.3,6.2,6.0,2.046224147081375,0.025311782956123352,1783395,51306
0.0,0.0,0.0,0.0,0.0,0.0,0.0,0.0,0.0,0.0,0.0,0.0,0.0,4.2,2.1,5.1,0.0,0.0,0.0,0.0,0.0,0.0,2.0,0.0,0.0,0.0,5.1,12.2,8.9,5.1,1.0,0.0,2.181029662489891,0.027174532413482666,1900863,55202
0.0,0.0,0.0,0.0,0.0,0.0,0.0,0.0,0.0,0.0,1.0,0.0,0.0,8.1,3.0,4.0,0.0,0.0,0.0,0.0,0.0,0.0,0.0,0.0,0.0,0.0,8.0,14.6,9.0,4.0,4.0,0.0,2.2193559110164642,0.02684769034385681,1934266,54540
0.0,0.0,0.0,0.0,0.0,0.0,0.0,0.0,0.0,0.0,0.0,0.0,0.0,4.2,3.1,6.0,0.0,0.0,0.0,0.0,0.0,0.0,1.0,0.0,1.0,0.0,7.1,12.9,7.1,3.1,5.0,1.0,2.20199017226696,0.026887089014053345,1919131,54624
1.0,0.0,0.0,0.0,0.0,0.0,0.0,0.0,0.0,0.0,1.0,0.0,0.0,3.1,1.0,3.1,0.0,0.0,0.0,0.0,0.0,0.0,1.0,0.0,0.0,0.0,7.1,12.9,9.0,6.0,2.1,1.0,2.2152907103300095,0.02664695680141449,1930723,54129
0.0,0.0,0.0,0.0,0.0,0.0,0.0,0.0,0.0,0.0,0.0,1.0,0.0,5.1,3.1,4.0,0.0,0.0,0.0,0.0,0.0,0.0,1.0,0.0,0.0,0.0,9.9,9.2,7.1,4.1,5.0,0.0,2.213713049888611,0.027114182710647583,1929348,55078
0.0,0.0,0.0,0.0,0.0,0.0,0.0,0.0,0.0,0.0,0.0,0.0,0.0,3.1,4.1,2.1,0.0,0.0,0.0,0.0,0.0,0.0,0.0,0.0,0.0,0.0,5.1,8.5,8.0,5.0,5.0,0.0,2.18689626455307,0.026736870408058167,1905976,54311
0.0,0.0,0.0,0.0,0.0,0.0,0.0,0.0,0.0,0.0,1.0,0.0,0.0,3.1,0.0,6.0,0.0,0.0,0.0,0.0,0.0,0.0,1.0,1.0,0.0,0.0,7.1,13.3,5.2,5.0,3.1,1.0,2.2086129039525986,0.02683219313621521,1924903,54508
0.0,0.0,0.0,0.0,0.0,0.0,0.0,0.0,0.0,0.0,0.0,0.0,0.0,4.1,3.0,3.1,0.0,0.0,0.0,0.0,0.0,0.0,0.0,0.0,0.0,0.0,7.0,16.0,6.1,3.0,3.0,0.0,2.226919502019882,0.027161866426467896,1940858,55168
0.0,0.0,0.0,0.0,0.0,0.0,0.0,0.0,0.0,0.0,1.0,0.0,0.0,4.1,3.0,5.1,0.0,0.0,0.0,0.0,0.0,0.0,0.0,0.0,0.0,1.0,7.8,16.8,9.8,3.1,3.1,1.0,2.2271168529987335,0.02715042233467102,1941030,55148
0.0,0.0,0.0,0.0,0.0,0.0,0.0,0.0,0.0,0.0,1.0,0.0,0.0,5.2,2.0,4.0,0.0,0.0,0.0,0.0,0.0,0.0,0.0,1.0,0.0,1.0,3.1,15.0,9.9,3.1,5.0,1.0,2.1901445239782333,0.027289599180221558,1908807,55442
0.0,0.0,0.0,0.0,0.0,0.0,0.0,0.0,0.0,0.0,0.0,1.0,0.0,8.1,1.0,2.1,0.0,0.0,0.0,0.0,0.0,0.0,1.0,0.0,1.0,0.0,4.0,14.1,8.0,6.0,5.0,0.0,2.1884578615427017,0.027108967304229736,1907337,55068
0.0,0.0,0.0,0.0,0.0,0.0,0.0,0.0,0.0,0.0,2.0,0.0,0.0,5.2,2.0,4.1,0.0,0.0,0.0,0.0,0.0,0.0,0.0,0.0,1.0,0.0,7.8,9.4,8.2,5.0,4.0,0.0,2.1879621893167496,0.02714693546295166,1906905,55154
0.0,0.0,0.0,0.0,0.0,0.0,0.0,0.0,0.0,0.0,1.0,0.0,0.0,5.2,1.0,5.1,0.0,0.0,0.0,0.0,0.0,0.0,0.0,1.0,1.0,1.0,7.0,14.6,11.8,6.9,3.1,0.0,2.205216631293297,0.02739877998828888,1921943,55661
0.0,0.0,0.0,0.0,0.0,0.0,0.0,0.0,0.0,0.0,0.0,0.0,0.0,5.2,1.0,3.1,0.0,0.0,0.0,0.0,0.0,0.0,0.0,1.0,0.0,0.0,5.9,13.1,7.2,3.1,5.0,1.0,2.1985881626605988,0.027273669838905334,1916166,55393
0.0,0.0,0.0,0.0,0.0,0.0,0.0,0.0,0.0,0.0,0.0,0.0,0.0,5.2,2.0,5.1,0.0,0.0,0.0,0.0,0.0,0.0,0.0,0.0,0.0,0.0,3.1,11.3,7.1,7.0,6.9,0.0,2.176659256219864,0.027219802141189575,1897054,55308
0.0,0.0,0.0,0.0,0.0,0.0,0.0,0.0,0.0,0.0,1.0,0.0,0.0,6.2,3.0,3.1,0.0,0.0,0.0,0.0,0.0,0.0,0.0,0.0,1.0,0.0,5.9,14.7,8.9,6.0,4.0,0.0,2.196655958890915,0.027271747589111328,1914482,55402
0.0,0.0,0.0,0.0,0.0,0.0,0.0,0.0,0.0,0.0,1.0,0.0,0.0,3.2,3.0,6.9,0.0,0.0,0.0,0.0,0.0,0.0,0.0,0.0,0.0,0.0,6.1,14.1,10.7,4.0,5.9,1.0,2.1851946860551834,0.02681104838848114,1904493,54465
0.0,0.0,0.0,0.0,0.0,0.0,0.0,0.0,0.0,0.0,0.0,0.0,0.0,6.1,1.0,4.1,0.0,0.0,0.0,0.0,0.0,0.0,0.0,0.0,0.0,0.0,4.1,11.3,6.1,3.1,5.0,0.0,2.1793900430202484,0.02693210542201996,1899434,54717
0.0,0.0,1.0,0.0,0.0,0.0,0.0,0.0,0.0,0.0,0.0,0.0,0.0,8.1,4.0,2.1,0.0,0.0,0.0,0.0,0.0,0.0,1.0,0.0,0.0,1.0,6.0,13.9,7.1,7.0,4.0,0.0,2.2069916427135468,0.027290716767311096,1923490,55437
0.0,0.0,0.0,0.0,0.0,0.0,0.0,0.0,0.0,0.0,0.0,0.0,0.0,7.1,2.0,3.1,0.0,0.0,0.0,0.0,0.0,0.0,1.0,0.0,1.0,1.0,7.0,9.3,5.2,2.1,4.0,1.0,2.206352546811104,0.026879310607910156,1922933,54598
0.0,0.0,0.0,0.0,0.0,0.0,0.0,0.0,0.0,0.0,0.0,0.0,0.0,7.2,3.0,4.0,0.0,0.0,0.0,0.0,0.0,0.0,1.0,1.0,1.0,0.0,7.1,10.1,8.1,2.1,2.1,1.0,2.2163451611995697,0.027334555983543396,1931642,55537
0.0,0.0,0.0,0.0,0.0,0.0,0.0,0.0,0.0,0.0,0.0,0.0,0.0,4.2,2.0,4.1,0.0,0.0,0.0,0.0,0.0,0.0,0.0,0.0,0.0,0.0,6.1,15.7,10.0,7.8,4.0,0.0,2.1725114434957504,0.02690562605857849,1893439,54664
0.0,0.0,1.0,0.0,0.0,0.0,0.0,0.0,0.0,0.0,1.0,0.0,0.0,6.1,1.0,4.0,0.0,0.0,0.0,0.0,0.0,0.0,1.0,0.0,0.0,0.0,5.1,16.0,7.0,3.1,3.1,0.0,2.198693722486496,0.0266713947057724,1916258,54171
1.0,0.0,0.0,0.0,0.0,0.0,0.0,0.0,0.0,0.0,0.0,0.0,0.0,4.1,3.0,3.1,0.0,0.0,0.0,0.0,0.0,0.0,1.0,1.0,0.0,0.0,7.0,14.0,7.1,5.1,4.0,0.0,2.213847294449806,0.02684648334980011,1929465,54531
0.0,0.0,0.0,0.0,0.0,0.0,0.0,0.0,0.0,0.0,0.0,0.0,0.0,6.1,1.0,5.0,0.0,0.0,0.0,0.0,0.0,0.0,0.0,1.0,1.0,0.0,5.1,13.1,8.0,5.0,3.1,0.0,2.1928454786539078,0.027034416794776917,1911161,54923
0.0,0.0,0.0,0.0,0.0,0.0,0.0,0.0,0.0,0.0,0.0,0.0,0.0,10.1,1.0,3.1,0.0,0.0,0.0,0.0,0.0,0.0,0.0,1.0,0.0,1.0,1.0,9.4,7.1,3.1,2.1,0.0,2.206242397427559,0.026880741119384766,1922837,54608
0.0,0.0,0.0,0.0,0.0,0.0,0.0,0.0,0.0,0.0,0.0,0.0,0.0,6.2,1.0,4.0,0.0,0.0,0.0,0.0,0.0,0.0,0.0,0.0,0.0,0.0,5.9,11.9,8.0,4.1,2.1,0.0,2.22704915702343,0.027138352394104004,1940971,55122
0.0,0.0,0.0,0.0,0.0,0.0,0.0,0.0,0.0,0.0,3.9,0.0,0.0,5.2,3.0,5.0,0.0,0.0,0.0,0.0,0.0,0.0,1.0,0.0,0.0,0.0,4.1,10.2,9.9,8.1,3.1,0.0,2.2072004675865173,0.02725967764854431,1923672,55374
0.0,0.0,1.0,0.0,0.0,0.0,0.0,0.0,0.0,0.0,0.0,0.0,0.0,3.1,4.0,4.1,0.0,0.0,0.0,0.0,0.0,0.0,0.0,1.0,0.0,1.0,3.1,10.5,8.1,8.0,5.0,1.0,2.175928369164467,0.026946619153022766,1896417,54743
0.0,0.0,0.0,0.0,0.0,0.0,0.0,0.0,0.0,0.0,2.0,0.0,0.0,4.1,3.1,5.9,0.0,0.0,0.0,0.0,0.0,0.0,0.0,1.0,0.0,0.0,5.1,12.1,9.9,4.2,5.9,1.0,2.1676981449127197,0.02696835994720459,1889244,54784
0.0,0.0,0.0,0.0,0.0,0.0,0.0,0.0,0.0,0.0,0.0,0.0,0.0,7.1,4.0,3.1,0.0,0.0,0.0,0.0,0.0,0.0,0.0,0.0,0.0,0.0,7.9,12.0,8.0,7.0,4.0,0.0,2.1759501695632935,0.02699519693851471,1896436,54837
0.0,0.0,0.0,0.0,0.0,0.0,0.0,0.0,0.0,0.0,0.0,0.0,0.0,5.2,4.0,4.0,0.0,0.0,0.0,0.0,0.0,0.0,0.0,0.0,2.0,0.0,4.1,12.9,7.1,6.0,5.0,0.0,2.195501685142517,0.027154281735420227,1913476,55163
0.0,0.0,0.0,0.0,0.0,0.0,0.0,0.0,0.0,0.0,1.0,0.0,0.0,5.3,3.1,2.1,0.0,0.0,0.0,0.0,0.0,0.0,1.0,1.0,0.0,0.0,4.1,10.1,8.1,4.0,3.1,0.0,2.2275861352682114,0.02698346972465515,1941439,54798
0.0,0.0,0.0,0.0,0.0,0.0,0.0,0.0,0.0,0.0,1.0,0.0,0.0,7.2,1.0,4.0,0.0,0.0,0.0,0.0,0.0,0.0,0.0,0.0,0.0,0.0,5.0,9.2,7.1,4.1,5.0,0.0,2.2362799048423767,0.027141422033309937,1949016,55140
0.0,0.0,1.0,0.0,0.0,0.0,0.0,0.0,0.0,0.0,0.0,0.0,0.0,6.2,1.0,3.1,0.0,0.0,0.0,0.0,0.0,0.0,0.0,0.0,1.0,0.0,5.1,10.3,7.1,5.0,2.1,0.0,2.206113889813423,0.02705836296081543,1922725,54964
0.0,0.0,0.0,0.0,0.0,0.0,0.0,0.0,0.0,0.0,0.0,0.0,0.0,5.3,3.1,5.0,0.0,0.0,0.0,0.0,0.0,0.0,0.0,1.0,0.0,1.0,6.0,12.0,7.0,3.1,3.1,1.0,2.222222089767456,0.026904955506324768,1936764,54649
0.0,0.0,0.0,0.0,0.0,0.0,0.0,0.0,0.0,0.0,0.0,0.0,0.0,6.2,2.0,4.0,0.0,0.0,0.0,0.0,0.0,0.0,1.0,0.0,1.0,1.0,5.1,9.3,9.8,6.9,3.1,0.0,2.212017208337784,0.026968330144882202,1927870,54780
0.0,0.0,0.0,0.0,0.0,0.0,0.0,0.0,0.0,0.0,1.0,0.0,0.0,5.2,2.0,3.1,0.0,0.0,0.0,0.0,0.0,0.0,1.0,0.0,0.0,0.0,7.9,9.3,6.2,7.0,2.1,0.0,2.1989794224500656,0.027065962553024292,1916507,54968
0.0,0.0,1.0,0.0,0.0,0.0,0.0,0.0,0.0,0.0,0.0,0.0,0.0,6.2,1.0,6.0,0.0,0.0,0.0,0.0,0.0,0.0,0.0,0.0,0.0,0.0,4.1,9.4,8.1,7.0,4.0,1.0,2.1961155384778976,0.026974722743034363,1914011,54805
1.0,0.0,0.0,0.0,0.0,0.0,0.0,0.0,0.0,0.0,0.0,0.0,0.0,8.1,3.0,5.0,0.0,0.0,0.0,0.0,0.0,0.0,0.0,1.0,0.0,0.0,3.1,8.3,7.1,5.2,4.0,0.0,2.1984183490276337,0.027040034532546997,1916018,54928
0.0,0.0,0.0,0.0,0.0,0.0,0.0,0.0,0.0,0.0,0.0,0.0,0.0,3.1,2.0,4.1,0.0,0.0,0.0,0.0,0.0,0.0,0.0,0.0,0.0,0.0,5.1,8.3,6.2,9.8,4.0,0.0,2.188705697655678,0.027036845684051514,1907553,54928
0.0,0.0,0.0,0.0,0.0,0.0,0.0,0.0,0.0,0.0,0.0,0.0,0.0,5.2,3.0,5.0,0.0,0.0,0.0,0.0,0.0,0.0,0.0,1.0,0.0,0.0,5.0,11.2,7.1,9.8,3.0,0.0,2.1929889023303986,0.027316898107528687,1911286,55492
0.0,0.0,0.0,0.0,0.0,0.0,0.0,0.0,0.0,0.0,1.0,0.0,0.0,8.1,1.0,3.1,0.0,0.0,0.0,0.0,0.0,0.0,0.0,0.0,0.0,0.0,4.1,12.0,8.1,6.1,4.0,0.0,2.194304957985878,0.027058571577072144,1912433,54970
0.0,0.0,0.0,0.0,0.0,0.0,0.0,0.0,1.0,0.0,0.0,0.0,0.0,3.2,1.0,3.1,0.0,0.0,0.0,0.0,0.0,0.0,1.0,0.0,1.0,1.0,7.9,11.8,12.6,3.1,4.0,0.0,2.203627496957779,0.026987671852111816,1920558,54810
0.0,0.0,0.0,0.0,0.0,0.0,0.0,0.0,0.0,0.0,0.0,0.0,0.0,1.1,3.0,2.1,0.0,0.0,0.0,0.0,0.0,0.0,1.0,0.0,0.0,0.0,8.1,11.9,9.0,6.9,2.1,1.0,2.242844119668007,0.027200624346733093,1954737,55259
0.0,0.0,0.0,0.0,0.0,0.0,0.0,0.0,0.0,0.0,0.0,0.0,0.0,4.1,2.0,5.0,0.0,0.0,0.0,0.0,0.0,0.0,1.0,0.0,0.0,0.0,7.2,12.7,9.8,5.1,4.0,0.0,2.2669278234243393,0.027031227946281433,1975727,54895
0.0,0.0,0.0,0.0,0.0,0.0,0.0,0.0,0.0,0.0,0.0,0.0,0.0,2.1,2.0,3.1,0.0,0.0,0.0,0.0,0.0,0.0,1.0,0.0,0.0,0.0,9.0,7.3,8.2,2.1,4.0,0.0,2.235310360789299,0.027072057127952576,1948171,54991
0.0,0.0,0.0,0.0,0.0,0.0,0.0,0.0,0.0,0.0,0.0,0.0,0.0,2.2,4.1,3.1,0.0,0.0,0.0,0.0,0.0,0.0,0.0,0.0,0.0,0.0,4.1,12.0,6.2,5.0,3.1,0.0,2.2069514840841293,0.026920393109321594,1923455,54689
0.0,0.0,0.0,0.0,0.0,0.0,0.0,0.0,0.0,0.0,0.0,0.0,0.0,8.2,0.0,4.0,0.0,0.0,0.0,0.0,0.0,0.0,0.0,1.0,1.0,1.0,2.1,8.4,7.1,3.1,4.0,0.0,2.246654599905014,0.026872381567955017,1958058,54577
1.0,0.0,0.0,0.0,0.0,0.0,0.0,0.0,0.0,0.0,2.0,0.0,0.0,8.2,2.0,5.0,0.0,0.0,0.0,0.0,0.0,0.0,0.0,0.0,0.0,0.0,5.0,13.9,8.0,3.1,4.0,0.0,2.2643588185310364,0.027361467480659485,1973488,55585
0.0,0.0,0.0,0.0,0.0,0.0,0.0,0.0,0.0,0.0,0.0,0.0,0.0,7.2,4.0,4.0,0.0,0.0,0.0,0.0,0.0,0.0,0.0,0.0,0.0,0.0,4.0,13.7,8.9,6.0,3.1,0.0,2.2403634637594223,0.02740463614463806,1952575,55670
0.0,0.0,0.0,0.0,0.0,0.0,0.0,0.0,0.0,0.0,1.0,0.0,0.0,7.2,3.1,2.1,0.0,0.0,0.0,0.0,0.0,0.0,1.0,1.0,0.0,1.0,6.0,13.0,8.0,4.0,3.1,0.0,2.209807336330414,0.027024999260902405,1925944,54905
0.0,0.0,0.0,0.0,0.0,0.0,0.0,0.0,0.0,0.0,1.0,0.0,0.0,6.2,1.0,4.0,0.0,0.0,0.0,0.0,0.0,0.0,0.0,0.0,1.0,1.0,4.1,10.4,6.1,3.1,5.0,1.0,2.195459231734276,0.027019545435905457,1913439,54887
0.0,0.0,0.0,0.0,0.0,0.0,0.0,0.0,0.0,0.0,1.0,0.0,0.0,7.1,2.0,5.1,0.0,0.0,0.0,0.0,0.0,0.0,0.0,0.0,1.0,0.0,6.1,12.2,6.1,4.1,4.0,0.0,2.2014061510562897,0.02718314528465271,1918622,55224
0.0,0.0,0.0,0.0,0.0,0.0,0.0,0.0,0.0,0.0,1.0,0.0,0.0,3.1,2.0,4.0,0.0,0.0,0.0,0.0,0.0,0.0,1.0,0.0,0.0,0.0,6.1,11.5,8.0,4.0,4.0,0.0,2.2075894325971603,0.02683389186859131,1924011,54506
0.0,0.0,0.0,0.0,0.0,0.0,0.0,0.0,0.0,0.0,1.0,0.0,0.0,2.1,4.0,2.1,0.0,0.0,0.0,0.0,0.0,0.0,1.0,0.0,1.0,1.0,6.1,13.4,6.1,5.0,5.0,0.0,2.2372930496931076,0.0267610102891922,1949899,54347
0.0,0.0,0.0,0.0,0.0,0.0,0.0,0.0,0.0,0.0,0.0,0.0,0.0,5.1,4.0,4.1,0.0,0.0,0.0,0.0,0.0,0.0,1.0,0.0,0.0,0.0,5.1,11.5,5.2,2.1,5.1,0.0,2.2046911269426346,0.026970595121383667,1921485,54790
0.0,0.0,0.0,0.0,0.0,0.0,0.0,0.0,0.0,0.0,1.0,0.0,0.0,4.1,2.0,4.0,0.0,0.0,0.0,0.0,0.0,0.0,1.0,0.0,0.0,1.0,2.1,10.4,6.1,5.9,5.0,1.0,2.2231457382440567,0.026962563395500183,1937569,54765
0.0,0.0,0.0,0.0,0.0,0.0,0.0,0.0,0.0,0.0,0.0,0.0,0.0,4.1,2.0,6.9,0.0,0.0,0.0,0.0,0.0,0.0,1.0,1.0,0.0,0.0,6.0,16.0,8.0,4.0,4.0,0.0,2.1066895723342896,0.02567782998085022,1836076,52165
0.0,0.0,0.0,0.0,0.0,0.0,0.0,0.0,0.0,0.0,0.0,0.0,0.0,0.0,0.0,0.0,0.0,0.0,0.0,0.0,0.0,0.0,0.0,0.0,0.0,0.0,0.0,0.0,0.0,0.0,0.0,0.0,2.5391578674316406e-05,3.508478403091431e-05,51,27
0.0,0.0,1.0,0.0,0.0,0.0,0.0,0.0,0.0,0.0,0.0,0.0,0.0,0.0,0.0,0.0,0.0,0.0,0.0,0.0,0.0,0.0,0.0,0.0,0.0,0.0,0.0,0.0,0.0,0.0,0.0,0.0,7.301568984985352e-07,7.301568984985352e-07,1,1
0.0,0.0,0.0,0.0,0.0,0.0,0.0,0.0,0.0,0.0,0.0,0.0,0.0,0.0,0.0,0.0,0.0,0.0,0.0,0.0,0.0,0.0,0.0,0.0,0.0,0.0,0.0,0.0,0.0,0.0,0.0,0.0,0.0,0.0,0,0
0.0,0.0,0.0,0.0,0.0,0.0,0.0,0.0,0.0,0.0,0.0,0.0,0.0,0.0,0.0,0.0,0.0,0.0,0.0,0.0,0.0,0.0,0.0,0.0,0.0,0.0,0.0,0.0,0.0,0.0,0.0,0.0,7.301568984985352e-07,7.301568984985352e-07,1,1
