0.0,0.0,0.0,0.0,0.0,0.0,0.0,0.0,0.0,0.0,0.0,0.0,0.0,0.0,0.0,0.0,0.0,0.0,0.0,0.0,0.0,0.0,0.0,0.0,0.0,0.0,0.0,0.0,0.0,0.0,0.0,0.0,5.556643009185791e-05,0.033869922161102295,113,3008
3.9,0.0,0.0,0.0,0.0,0.0,0.0,0.0,0.0,0.0,0.0,0.0,92.9,94.4,96.8,95.7,1.0,0.0,0.0,0.0,0.0,0.0,0.0,0.0,0.0,0.0,0.0,0.0,87.6,88.4,89.6,89.5,0.14176559448242188,91.51701433956623,288290,8113457
4.8,0.0,0.0,0.0,0.0,0.0,0.0,0.0,0.0,0.0,0.0,0.0,92.6,96.9,96.8,96.7,0.0,0.0,0.0,0.0,1.0,0.0,0.0,0.0,0.0,0.0,0.0,0.0,86.0,87.9,90.5,89.7,0.1420462280511856,91.53362254798412,288865,8114555
7.5,0.0,0.0,1.0,1.0,0.0,0.0,0.0,0.0,0.0,0.0,0.0,93.5,97.2,96.8,95.1,0.0,0.0,0.0,0.0,0.0,0.0,0.0,1.0,0.0,0.0,0.0,0.0,87.6,89.5,90.7,88.7,0.14197050034999847,91.55257324874401,288711,8116235
7.5,0.0,0.0,0.0,2.0,0.0,0.0,0.0,0.0,0.0,0.0,0.0,91.7,95.4,97.9,96.6,0.0,0.0,0.0,0.0,0.0,0.0,0.0,0.0,0.0,0.0,0.0,0.0,86.5,88.5,89.2,88.5,0.14216867089271545,91.51477336883545,289114,8112884
2.9,0.0,1.0,0.0,0.0,0.0,0.0,0.0,0.0,0.0,0.0,0.0,92.9,96.8,97.8,96.7,0.0,0.0,0.0,0.0,0.0,0.0,0.0,0.0,0.0,0.0,0.0,0.0,87.2,89.0,88.8,88.7,0.1429554522037506,91.55757036805153,290714,8116678
10.7,0.0,0.0,0.0,0.0,0.0,0.0,0.0,0.0,0.0,0.0,0.0,92.6,96.8,96.7,95.4,0.0,0.0,0.0,0.0,0.0,0.0,0.0,0.0,0.0,0.0,0.0,0.0,86.5,88.2,90.0,88.2,0.14246174693107605,91.55203180015087,289710,8116187
4.8,0.0,0.0,0.0,1.0,0.0,0.0,0.0,0.0,0.0,0.0,0.0,92.6,95.5,97.9,96.9,0.0,0.0,0.0,0.0,0.0,0.0,0.0,0.0,0.0,0.0,0.0,0.0,86.3,89.5,88.9,89.0,0.1426466405391693,91.51513433456421,290086,8112916
5.7,0.0,0.0,0.0,1.0,0.0,0.0,0.0,0.0,0.0,0.0,0.0,91.5,97.1,96.7,95.3,0.0,0.0,0.0,0.0,0.0,0.0,0.0,0.0,0.0,0.0,0.0,0.0,87.6,88.4,89.7,88.2,0.14332179725170135,91.55586706101894,291459,8116527
8.3,0.0,0.0,0.0,0.0,0.0,0.0,0.0,0.0,0.0,0.0,0.0,92.7,95.1,97.9,96.8,0.0,0.0,0.0,0.0,1.0,0.0,0.0,0.0,0.0,0.0,0.0,0.0,86.2,88.5,88.5,87.9,0.14328491687774658,91.54022145271301,291384,8115140
6.6,0.0,0.0,0.0,1.0,0.0,0.0,0.0,0.0,0.0,0.0,0.0,92.7,96.9,96.8,96.8,0.0,0.0,0.0,0.0,0.0,0.0,0.0,0.0,0.0,0.0,0.0,0.0,86.3,88.4,89.4,88.3,0.14272482693195343,91.54141715168953,290245,8115246
4.8,0.0,0.0,0.0,0.0,0.0,0.0,0.0,0.0,0.0,0.0,0.0,91.9,97.6,97.4,95.2,0.0,0.0,0.0,0.0,1.0,0.0,0.0,0.0,0.0,0.0,0.0,0.0,87.8,89.6,88.4,87.9,0.1429883986711502,91.55587834119797,290781,8116528
7.4,0.0,0.0,1.0,1.0,0.0,0.0,0.0,0.0,0.0,0.0,0.0,92.6,96.8,95.2,96.6,0.0,0.0,0.0,0.0,0.0,0.0,0.0,0.0,0.0,0.0,0.0,0.0,86.3,88.0,89.2,87.9,0.14335326850414276,91.54832062125206,291523,8115858
7.5,0.0,0.0,0.0,1.0,0.0,0.0,0.0,0.0,0.0,0.0,0.0,95.0,85.6,83.3,97.5,0.0,0.0,0.0,0.0,0.0,0.0,0.0,0.0,0.0,0.0,0.0,0.0,89.8,81.6,83.3,90.7,0.13752079010009766,91.38504037261009,279560,8102118
9.2,0.0,0.0,0.0,0.0,0.0,0.0,0.0,0.0,0.0,0.0,0.0,94.2,69.2,81.9,97.9,0.0,0.0,0.0,0.0,0.0,0.0,0.0,0.0,0.0,0.0,0.0,0.0,92.9,65.2,85.7,92.9,0.13203154504299164,91.49374513328075,268359,8113855
8.3,0.0,0.0,0.0,1.0,0.0,0.0,0.0,0.0,0.0,0.0,0.0,97.1,70.1,79.3,98.0,0.0,0.0,0.0,1.0,0.0,0.0,0.0,0.0,0.0,0.0,0.0,0.0,93.8,67.7,83.0,93.7,0.13091272115707397,91.46698692440987,266064,8110886
5.7,0.0,0.0,0.0,0.0,0.0,0.0,0.0,0.0,0.0,0.0,0.0,95.3,69.5,81.7,98.0,0.0,0.0,0.0,0.0,0.0,0.0,0.0,0.0,0.0,0.0,0.0,0.0,93.0,67.7,83.0,92.8,0.13272574543952942,91.49005582928658,269770,8113394
9.2,0.0,0.0,0.0,1.0,0.0,0.0,0.0,0.0,0.0,0.0,0.0,96.1,69.2,80.0,99.0,0.0,0.0,0.0,0.0,1.0,0.0,0.0,0.0,0.0,0.0,0.0,0.0,92.9,66.3,82.8,93.5,0.13258861005306244,91.50303460657597,269475,8114489
8.3,0.0,0.0,0.0,0.0,0.0,1.0,0.0,0.0,0.0,0.0,0.0,99.0,69.9,76.3,99.0,0.0,0.0,0.0,0.0,0.0,0.0,0.0,0.0,0.0,0.0,0.0,0.0,92.7,69.1,80.4,93.5,0.12987259030342102,91.44631797075272,263888,8108296
7.5,0.0,0.0,0.0,0.0,0.0,0.0,0.0,0.0,0.0,0.0,0.0,96.1,69.7,78.6,99.0,0.0,0.0,0.0,0.0,0.0,0.0,0.0,0.0,0.0,0.0,0.0,0.0,93.5,68.8,81.1,93.9,0.12936931848526,91.10735361278057,262900,8078659
10.0,0.0,0.0,0.0,0.0,0.0,0.0,0.0,0.0,0.0,0.0,0.0,96.1,70.3,83.0,97.9,0.0,0.0,0.0,0.0,0.0,0.0,0.0,0.0,0.0,0.0,0.0,0.0,92.7,68.0,84.6,92.8,0.13224753737449646,91.47126293182373,268804,8111848
6.6,0.0,0.0,0.0,1.0,0.0,0.0,0.0,0.0,0.0,0.0,0.0,93.9,84.5,88.6,97.5,0.0,0.0,0.0,0.0,1.0,0.0,0.0,0.0,0.0,0.0,0.0,0.0,88.5,79.1,86.7,90.3,0.1385423094034195,91.52516469359398,281651,8114790
10.0,0.0,0.0,0.0,1.0,0.0,0.0,0.0,0.0,0.0,0.0,0.0,93.9,95.4,96.9,96.8,0.0,0.0,0.0,0.0,0.0,0.0,1.0,0.0,0.0,0.0,0.0,0.0,85.7,88.2,89.2,88.7,0.14335450530052185,91.52359373867512,291526,8113665
9.2,0.0,0.0,0.0,0.0,0.0,1.0,0.0,0.0,0.0,0.0,0.0,94.2,82.4,86.1,97.4,0.0,0.0,0.0,0.0,0.0,0.0,0.0,1.0,0.0,0.0,0.0,0.0,89.2,79.8,85.1,90.3,0.13848505914211273,91.47744631767273,281524,8110667
7.5,0.0,1.0,0.0,1.0,0.0,0.0,0.0,0.0,0.0,0.0,0.0,94.3,71.6,83.8,98.0,0.0,0.0,0.0,0.0,0.0,0.0,1.0,0.0,0.0,0.0,0.0,0.0,91.8,68.7,85.6,93.0,0.1331283003091812,91.50041428208351,270601,8114566
9.2,0.0,0.0,0.0,1.0,0.0,0.0,0.0,0.0,0.0,0.0,0.0,98.0,70.1,77.8,98.0,0.0,0.0,0.0,0.0,0.0,0.0,0.0,0.0,0.0,0.0,0.0,0.0,93.7,67.7,80.8,92.6,0.1308373659849167,91.46698285639286,265907,8110401
8.3,0.0,0.0,0.0,1.0,0.0,0.0,0.0,0.0,0.0,0.0,0.0,97.1,70.0,78.1,100.0,0.0,0.0,0.0,0.0,0.0,0.0,0.0,0.0,0.0,0.0,0.0,0.0,92.6,69.1,82.5,93.5,0.13062645494937897,91.50468105077744,265445,8113696
10.0,0.0,0.0,0.0,0.0,0.0,0.0,0.0,0.0,0.0,0.0,0.0,98.0,70.3,76.4,99.0,0.0,0.0,0.0,0.0,1.0,0.0,0.0,0.0,0.0,0.0,0.0,0.0,93.7,67.7,81.2,92.6,0.13036611676216125,91.4477913826704,264928,8108759
7.5,0.0,0.0,0.0,1.0,0.0,0.0,0.0,0.0,0.0,0.0,0.0,100.0,68.6,75.2,99.0,0.0,0.0,1.0,0.0,0.0,0.0,0.0,0.0,0.0,0.0,0.0,0.0,93.5,68.7,80.6,93.8,0.13020555675029755,91.48708122968674,264611,8112056
7.5,0.0,0.0,0.0,1.0,0.0,0.0,0.0,0.0,0.0,0.0,0.0,89.9,74.5,93.9,93.8,0.0,0.0,0.0,0.0,0.0,0.0,0.0,0.0,0.0,0.0,0.0,0.0,89.9,68.5,91.4,90.1,0.138284832239151,91.32140462100506,281072,8103775
6.6,0.0,0.0,0.0,0.0,0.0,2.0,0.0,0.0,0.0,0.0,0.0,91.1,91.0,97.9,94.7,0.0,0.0,0.0,0.0,0.0,0.0,0.0,0.0,0.0,0.0,0.0,0.0,87.4,83.9,89.7,88.3,0.14314214885234833,91.50102749466896,291081,8113426
4.8,0.0,0.0,0.0,1.0,0.0,0.0,0.0,0.0,0.0,0.0,0.0,92.9,97.4,96.2,97.3,0.0,0.0,0.0,0.0,0.0,0.0,0.0,0.0,0.0,0.0,0.0,0.0,86.3,89.4,88.3,88.4,0.14441148936748505,91.55054281651974,293675,8116055
10.0,0.0,0.0,0.0,0.0,0.0,0.0,0.0,0.0,0.0,0.0,0.0,92.5,96.8,96.7,95.8,0.0,0.0,0.0,0.0,0.0,0.0,0.0,1.0,0.0,0.0,0.0,0.0,85.6,88.3,89.2,87.5,0.14417102932929993,91.51334078609943,293186,8112757
6.6,0.0,0.0,0.0,0.0,0.0,0.0,0.0,0.0,0.0,0.0,0.0,95.0,85.1,85.9,98.8,0.0,0.0,0.0,0.0,0.0,0.0,0.0,0.0,0.0,0.0,0.0,0.0,89.5,80.8,84.0,90.4,0.13835448026657104,91.48546025156975,281242,8110918
9.9,0.0,0.0,0.0,1.0,0.0,0.0,0.0,0.0,0.0,0.0,0.0,100.0,67.3,76.3,100.0,0.0,0.0,0.0,0.0,0.0,0.0,0.0,0.0,0.0,0.0,0.0,0.0,93.7,67.7,79.4,93.9,0.1300344467163086,91.51567161083221,264286,8114196
7.5,0.0,0.0,0.0,0.0,0.0,0.0,0.0,0.0,0.0,0.0,0.0,93.5,70.0,83.2,97.9,0.0,0.0,0.0,0.0,1.0,0.0,0.0,0.0,0.0,0.0,0.0,0.0,92.3,69.0,84.4,93.5,0.13338522613048553,91.45843571424484,271129,8110824
8.3,0.0,0.0,0.0,0.0,0.0,0.0,0.0,0.0,0.0,0.0,0.0,93.1,86.0,89.3,96.3,0.0,0.0,0.0,0.0,0.0,0.0,0.0,0.0,0.0,0.0,0.0,0.0,88.5,83.3,85.3,88.0,0.14085932075977325,91.46046710014343,286373,8109688
7.5,0.0,0.0,0.0,1.0,0.0,0.0,0.0,0.0,0.0,0.0,0.0,92.7,96.8,97.0,96.7,0.0,0.0,0.0,0.0,0.0,0.0,0.0,0.0,0.0,0.0,0.0,0.0,85.7,88.8,88.5,88.2,0.14575983583927155,91.54885078966618,296417,8115905
4.8,0.0,0.0,0.0,0.0,0.0,0.0,0.0,0.0,0.0,0.0,0.0,91.8,96.7,96.7,96.9,0.0,0.0,0.0,0.0,0.0,0.0,0.0,0.0,0.0,0.0,0.0,0.0,85.9,89.5,88.2,88.2,0.14533989131450653,91.51913879811764,295563,8113271
8.3,0.0,0.0,0.0,1.0,0.0,0.0,0.0,0.0,0.0,0.0,0.0,92.9,95.3,96.9,96.9,0.0,0.0,0.0,0.0,0.0,0.0,1.0,0.0,0.0,0.0,0.0,0.0,85.9,88.7,87.6,88.4,0.14578983187675476,91.54449233412743,296478,8115574
4.8,0.0,0.0,0.0,1.0,0.0,0.0,0.0,0.0,0.0,0.0,0.0,92.1,97.5,96.9,95.3,0.0,0.0,0.0,0.0,1.0,0.0,0.0,0.0,0.0,0.0,0.0,0.0,86.3,88.8,88.7,88.8,0.14560198783874512,91.53688251972198,296096,8114844
6.6,0.0,0.0,0.0,0.0,0.0,0.0,0.0,0.0,0.0,0.0,0.0,92.9,97.0,95.3,97.8,0.0,0.0,0.0,0.0,0.0,0.0,0.0,0.0,0.0,0.0,0.0,0.0,86.3,88.3,86.8,88.4,0.14575737714767456,91.54576002061367,296412,8115631
9.2,0.0,0.0,0.0,0.0,0.0,0.0,0.0,0.0,0.0,0.0,0.0,92.8,95.3,96.8,97.9,0.0,0.0,0.0,0.0,0.0,0.0,0.0,0.0,0.0,0.0,0.0,0.0,86.6,88.5,88.2,88.0,0.14464998245239258,91.51561938226223,294160,8112959
9.2,0.0,0.0,0.0,0.0,0.0,0.0,0.0,0.0,0.0,0.0,0.0,92.6,96.9,96.8,96.9,0.0,0.0,0.0,0.0,1.0,0.0,0.0,1.0,0.0,0.0,0.0,0.0,86.2,88.7,88.2,88.4,0.14436379075050354,91.55409607291222,293578,8116370
5.7,0.0,0.0,0.0,1.0,0.0,0.0,0.0,0.0,0.0,0.0,0.0,92.8,96.9,95.2,97.5,0.0,0.0,0.0,0.0,1.0,0.0,0.0,0.0,0.0,0.0,0.0,0.0,86.3,87.9,88.2,88.2,0.14437854290008545,91.55851626396179,293608,8116764
9.2,0.0,0.0,0.0,1.0,0.0,0.0,0.0,0.0,0.0,0.0,0.0,93.0,96.6,96.9,95.2,0.0,0.0,0.0,0.0,1.0,0.0,0.0,0.0,0.0,0.0,0.0,0.0,86.0,89.4,87.8,88.2,0.14490371942520142,91.53697276115417,294676,8114852
5.7,0.0,0.0,0.0,1.0,0.0,0.0,0.0,0.0,0.0,0.0,0.0,92.8,96.7,96.8,97.0,0.0,0.0,0.0,0.0,0.0,0.0,0.0,0.0,0.0,0.0,0.0,0.0,85.6,88.7,88.4,88.3,0.1444532871246338,91.53097170591354,293760,8114320
5.7,0.0,0.0,0.0,0.0,0.0,1.0,0.0,0.0,0.0,0.0,0.0,92.5,97.7,95.8,96.8,0.0,0.0,0.0,0.0,1.0,0.0,0.0,0.0,0.0,0.0,0.0,0.0,85.9,88.3,88.3,88.0,0.14471828937530518,91.54212825000286,294299,8115310
2.9,0.0,0.0,0.0,0.0,0.0,0.0,0.0,0.0,0.0,0.0,0.0,91.8,97.5,97.3,95.5,0.0,0.0,0.0,0.0,1.0,0.0,0.0,0.0,0.0,0.0,0.0,0.0,86.7,88.0,88.0,88.4,0.14520515501499176,91.54687675833702,295289,8115730
10.0,0.0,0.0,0.0,0.0,0.0,0.0,0.0,0.0,0.0,0.0,0.0,92.2,97.1,96.8,97.9,0.0,0.0,0.0,0.0,1.0,0.0,0.0,0.0,0.0,0.0,0.0,0.0,86.3,87.9,88.4,87.9,0.14513090252876282,91.54737308621407,295138,8115774
4.8,0.0,0.0,0.0,0.0,0.0,0.0,0.0,0.0,0.0,0.0,0.0,92.6,96.0,95.3,96.7,0.0,0.0,0.0,0.0,0.0,0.0,0.0,0.0,0.0,0.0,0.0,0.0,86.5,88.0,88.8,88.7,0.14472275972366333,91.51264141499996,294308,8112695
2.9,0.0,0.0,0.0,0.0,0.0,1.0,0.0,0.0,0.0,0.0,0.0,92.1,96.9,96.8,97.7,0.0,0.0,0.0,0.0,0.0,0.0,0.0,0.0,0.0,0.0,0.0,0.0,86.0,88.7,88.0,89.4,0.14520220458507538,91.54842214286327,295283,8115867
8.3,0.0,0.0,0.0,1.0,0.0,0.0,0.0,0.0,0.0,0.0,0.0,92.9,96.9,96.8,96.8,0.0,0.0,0.0,0.0,1.0,0.0,1.0,0.0,0.0,0.0,0.0,0.0,85.6,88.0,88.5,88.2,0.14547216892242432,91.54177811741829,295832,8115278
7.5,0.0,0.0,0.0,0.0,0.0,0.0,0.0,0.0,0.0,0.0,0.0,92.6,95.5,95.6,96.2,0.0,0.0,0.0,0.0,0.0,0.0,0.0,0.0,0.0,0.0,0.0,0.0,86.3,88.2,87.5,88.8,0.14554347097873688,91.54297211766243,295977,8115386
5.7,0.0,0.0,0.0,0.0,0.0,0.0,0.0,0.0,0.0,0.0,0.0,91.7,97.3,97.6,97.1,0.0,0.0,0.0,1.0,1.0,0.0,2.0,1.0,0.0,0.0,0.0,0.0,86.3,88.9,88.3,88.5,0.14551347494125366,91.53371278941631,295916,8114563
9.2,0.0,0.0,0.0,1.0,0.0,0.0,0.0,0.0,0.0,0.0,0.0,92.8,96.7,96.9,96.7,0.0,0.0,0.0,0.0,0.0,0.0,0.0,0.0,0.0,0.0,0.0,0.0,86.2,86.7,88.4,88.4,0.1453271061182022,91.52845622599125,295537,8114097
5.7,0.0,0.0,0.0,1.0,0.0,0.0,0.0,0.0,0.0,0.0,0.0,92.9,95.2,96.9,97.9,0.0,0.0,0.0,0.0,0.0,0.0,0.0,0.0,0.0,0.0,0.0,0.0,85.9,87.9,87.2,88.5,0.14555281400680542,91.55021569132805,295996,8116026
7.5,0.0,0.0,0.0,0.0,0.0,0.0,0.0,0.0,0.0,0.0,0.0,91.8,97.1,95.2,97.6,0.0,0.0,0.0,0.0,2.0,0.0,0.0,0.0,0.0,0.0,0.0,0.0,86.5,87.8,88.5,88.4,0.1462859958410263,91.53716452419758,297487,8114869
8.3,0.0,0.0,0.0,0.0,0.0,0.0,0.0,0.0,0.0,0.0,0.0,93.1,97.1,96.8,97.0,0.0,0.0,0.0,0.0,0.0,0.0,1.0,0.0,0.0,0.0,0.0,0.0,86.2,87.1,87.2,88.3,0.14574606716632843,91.54468840360641,296389,8115536
3.8,0.0,0.0,0.0,0.0,0.0,0.0,0.0,0.0,0.0,0.0,0.0,91.9,95.3,96.9,95.9,0.0,0.0,0.0,0.0,1.0,0.0,0.0,0.0,0.0,0.0,0.0,0.0,86.3,88.2,88.4,88.3,0.14564403891563416,91.51548671722412,296158,8112952
1.0,0.0,0.0,0.0,0.0,0.0,0.0,0.0,0.0,0.0,0.0,0.0,46.0,37.8,39.1,38.6,0.0,0.0,0.0,0.0,1.0,0.0,0.0,0.0,0.0,0.0,0.0,0.0,39.4,42.7,41.7,42.3,0.07203221321105957,45.45852767676115,146445,4029984
0.0,0.0,0.0,0.0,0.0,0.0,0.0,0.0,0.0,0.0,0.0,0.0,0.0,0.0,0.0,0.0,0.0,0.0,0.0,0.0,0.0,0.0,0.0,0.0,0.0,0.0,0.0,0.0,0.0,0.0,0.0,0.0,7.301568984985352e-07,7.301568984985352e-07,1,1
1.0,0.0,0.0,0.0,0.0,0.0,0.0,0.0,0.0,0.0,0.0,0.0,0.0,0.0,0.0,0.0,0.0,0.0,0.0,0.0,1.0,0.0,0.0,0.0,0.0,0.0,0.0,0.0,0.0,0.0,0.0,0.0,7.301568984985352e-07,7.301568984985352e-07,1,1
0.0,0.0,0.0,0.0,0.0,0.0,0.0,0.0,0.0,0.0,0.0,0.0,0.0,0.0,0.0,0.0,0.0,0.0,0.0,0.0,0.0,0.0,0.0,0.0,0.0,0.0,0.0,0.0,0.0,0.0,0.0,0.0,7.301568984985352e-07,7.301568984985352e-07,1,1
0.0,0.0,0.0,0.0,0.0,0.0,0.0,0.0,0.0,0.0,0.0,0.0,0.0,0.0,0.0,0.0,0.0,0.0,0.0,0.0,0.0,0.0,0.0,0.0,0.0,0.0,0.0,0.0,0.0,0.0,0.0,0.0,7.301568984985352e-07,7.301568984985352e-07,1,1
