0.0,0.0,0.0,0.0,0.0,0.0,0.0,0.0,0.0,0.0,0.0,0.0,0.0,0.0,0.0,0.0,0.0,0.0,0.0,0.0,0.0,0.0,0.0,100.0,0.0,0.0,0.0,0.0,0.0,0.0,0.0,0.0,0.0,0.0,0,0
1.0,2.9,0.0,1.0,0.0,0.0,1.0,1.0,0.0,12.4,1.0,4.1,15.2,0.0,0.0,3.3,0.0,0.0,0.0,0.0,0.0,1.0,0.0,2.0,1.0,1.0,1.0,1.0,9.3,21.4,9.2,8.3,10.757909446954727,0.020791038870811462,953726,42201
1.0,0.0,0.0,0.0,0.0,0.0,0.0,0.0,0.0,3.7,0.0,2.1,8.6,0.0,0.0,0.0,0.0,0.0,0.0,0.0,0.0,0.0,0.0,0.0,0.0,0.0,0.0,0.0,7.1,18.0,4.1,7.0,11.499837949872017,0.021808475255966187,1019473,44286
0.0,0.0,0.0,0.0,0.0,0.0,0.0,0.0,0.0,8.3,0.0,4.1,15.2,0.0,0.0,3.3,0.0,0.0,0.0,0.0,0.0,0.0,0.0,0.0,0.0,0.0,0.0,0.0,6.1,20.0,7.0,7.0,11.623537123203278,0.02224460244178772,1030440,45152
0.0,0.0,0.0,0.0,0.0,0.0,0.0,0.0,0.0,6.0,0.0,2.1,10.6,0.0,0.0,3.3,0.0,0.0,0.0,1.0,0.0,0.0,0.0,0.0,0.0,0.0,0.0,0.0,6.2,20.6,8.0,6.1,11.547903522849083,0.021899312734603882,1023735,44458
1.0,0.0,0.0,0.0,0.0,0.0,0.0,0.0,0.0,2.5,0.0,1.0,11.6,0.0,0.0,1.1,0.0,0.0,0.0,0.0,0.0,0.0,0.0,0.0,0.0,0.0,0.0,0.0,6.1,20.0,6.1,10.7,11.557153269648552,0.021909818053245544,1024555,44477
0.0,0.0,0.0,0.0,0.0,0.0,0.0,0.0,0.0,7.2,0.0,2.1,14.3,0.0,0.0,1.1,0.0,0.0,0.0,0.0,0.0,0.0,0.0,0.0,0.0,0.0,0.0,0.0,9.7,17.3,7.9,6.2,11.558337688446045,0.021751955151557922,1024660,44163
1.0,0.0,0.0,0.0,0.0,0.0,0.0,0.0,0.0,7.1,0.0,1.0,11.6,0.0,0.0,2.2,0.0,0.0,0.0,0.0,0.0,0.0,0.0,0.0,0.0,0.0,0.0,0.0,5.2,20.8,7.9,3.2,11.5827367156744,0.022360756993293762,1026823,45403
0.0,0.0,0.0,0.0,0.0,0.0,0.0,0.0,0.0,2.5,0.0,1.1,10.5,0.0,0.0,0.0,0.0,0.0,0.0,0.0,0.0,0.0,0.0,0.0,0.0,0.0,0.0,0.0,8.0,18.2,7.0,5.2,11.51290112733841,0.02233929932117462,1020632,45357
0.0,0.0,0.0,0.0,0.0,0.0,0.0,0.0,0.0,7.2,0.0,3.1,14.3,0.0,0.0,2.2,0.0,0.0,0.0,0.0,0.0,0.0,0.0,0.0,0.0,0.0,0.0,0.0,4.2,18.2,4.1,7.1,11.624484658241272,0.02237100899219513,1030524,45415
0.0,0.0,0.0,0.0,0.0,0.0,0.0,0.0,0.0,9.2,0.0,2.1,11.7,0.0,0.0,2.2,0.0,0.0,0.0,0.0,0.0,0.0,0.0,0.0,0.0,0.0,0.0,0.0,6.1,14.0,6.1,8.0,11.643299996852875,0.02232077717781067,1032192,45302
0.0,0.0,0.0,0.0,0.0,0.0,0.0,0.0,0.0,4.8,0.0,2.1,13.7,0.0,0.0,1.1,0.0,0.0,0.0,0.0,0.0,0.0,0.0,0.0,0.0,0.0,0.0,1.0,6.2,18.4,6.9,7.0,11.780354171991348,0.023136213421821594,1044342,46943
0.0,0.0,0.0,0.0,0.0,0.0,0.0,0.0,0.0,6.0,0.0,2.1,16.3,0.0,0.0,1.1,0.0,0.0,0.0,0.0,0.0,0.0,0.0,0.0,0.0,0.0,0.0,0.0,6.1,22.3,6.1,6.1,11.843421652913094,0.023343399167060852,1049933,47357
0.0,0.0,0.0,0.0,0.0,0.0,0.0,0.0,0.0,3.7,0.0,2.1,8.9,0.0,0.0,1.1,0.0,0.0,0.0,0.0,0.0,0.0,0.0,0.0,0.0,0.0,0.0,0.0,6.1,20.0,7.1,6.1,11.913415163755417,0.023491233587265015,1056138,47640
1.0,0.0,0.0,0.0,0.0,0.0,0.0,0.0,0.0,6.2,0.0,2.1,12.4,0.0,0.0,2.2,0.0,0.0,0.0,0.0,0.0,0.0,0.0,0.0,0.0,0.0,0.0,0.0,7.1,18.2,6.1,8.9,11.86610609292984,0.023013785481452942,1051944,46633
1.0,0.0,0.0,0.0,0.0,0.0,0.0,0.0,0.0,8.4,0.0,2.1,12.6,0.0,0.0,1.1,0.0,0.0,0.0,0.0,0.0,0.0,0.0,0.0,0.0,0.0,0.0,0.0,3.1,21.0,6.1,6.2,11.326428979635239,0.02364252507686615,1004102,47739
0.0,0.0,0.0,0.0,0.0,0.0,0.0,0.0,0.0,8.3,0.0,4.1,15.3,0.0,0.0,1.1,0.0,0.0,0.0,0.0,0.0,0.0,0.0,0.0,0.0,0.0,0.0,0.0,6.1,19.8,9.7,6.1,10.593292310833931,0.024381786584854126,939109,49196
0.0,0.0,0.0,0.0,0.0,0.0,0.0,0.0,0.0,8.5,0.0,3.1,13.7,0.0,0.0,1.1,0.0,0.0,0.0,0.0,0.0,0.0,0.0,0.0,0.0,0.0,0.0,0.0,6.0,17.3,4.1,7.1,9.902453020215034,0.025079011917114258,877865,50554
0.0,0.0,0.0,0.0,0.0,0.0,0.0,0.0,0.0,8.3,0.0,3.1,15.5,0.0,0.0,2.3,0.0,0.0,0.0,0.0,0.0,0.0,0.0,0.0,0.0,0.0,0.0,0.0,3.1,15.3,5.1,4.0,8.870002940297127,0.025776758790016174,786337,52083
1.0,0.0,0.0,0.0,0.0,0.0,0.0,0.0,0.0,8.3,0.0,3.1,18.6,0.0,0.0,2.3,0.0,0.0,0.0,0.0,0.0,0.0,0.0,0.0,0.0,0.0,0.0,0.0,6.1,17.8,5.1,3.1,9.074747398495674,0.025732040405273438,804489,51958
0.0,0.0,0.0,0.0,0.0,0.0,0.0,0.0,0.0,12.5,0.0,2.1,20.8,0.0,0.0,2.2,0.0,0.0,0.0,0.0,0.0,0.0,0.0,0.0,0.0,0.0,0.0,0.0,4.1,18.2,4.1,5.9,9.002665340900421,0.025188222527503967,798100,50849
1.0,0.0,0.0,0.0,0.0,0.0,0.0,0.0,0.0,10.6,0.0,2.1,14.9,0.0,0.0,3.4,1.0,0.0,0.0,0.0,0.0,0.0,0.0,0.0,0.0,0.0,0.0,0.0,4.1,15.5,6.1,6.1,8.789687424898148,0.025150135159492493,779218,50789
0.0,0.0,0.0,0.0,0.0,0.0,0.0,0.0,0.0,11.8,0.0,5.1,13.5,0.0,0.0,3.4,0.0,0.0,0.0,0.0,0.0,0.0,0.0,0.0,0.0,0.0,0.0,0.0,5.1,18.8,5.1,4.1,8.515604302287102,0.026098906993865967,754919,52720
0.0,0.0,1.0,0.0,0.0,0.0,0.0,0.0,0.0,11.8,0.0,3.1,13.4,0.0,0.0,2.3,0.0,0.0,0.0,0.0,0.0,0.0,0.0,0.0,0.0,0.0,0.0,0.0,6.0,17.8,6.9,8.0,8.827182739973068,0.025840088725090027,782542,52179
0.0,0.0,0.0,0.0,0.0,0.0,0.0,0.0,0.0,6.3,0.0,3.1,12.2,0.0,0.0,5.4,0.0,0.0,0.0,0.0,0.0,0.0,0.0,0.0,0.0,0.0,0.0,0.0,4.1,18.8,4.1,8.0,9.00617103278637,0.02469111979007721,798411,49805
1.0,0.0,0.0,0.0,0.0,0.0,0.0,0.0,0.0,7.3,0.0,5.1,14.6,0.0,0.0,1.2,0.0,0.0,0.0,0.0,0.0,0.0,0.0,0.0,0.0,0.0,0.0,0.0,5.1,11.7,5.0,3.1,8.548194289207458,0.026123568415641785,757808,52739
0.0,0.0,0.0,0.0,0.0,0.0,0.0,0.0,0.0,13.6,1.0,5.1,15.5,0.0,0.0,2.3,0.0,0.0,0.0,0.0,0.0,0.0,0.0,0.0,0.0,0.0,0.0,0.0,5.0,18.6,4.0,6.1,8.178299009799957,0.027231872081756592,725016,55032
0.0,0.0,1.0,0.0,0.0,0.0,0.0,0.0,0.0,8.2,0.0,4.1,18.4,0.0,0.0,4.5,0.0,0.0,0.0,0.0,0.0,0.0,0.0,0.0,0.0,0.0,0.0,0.0,3.1,13.7,2.0,5.1,8.0525421500206,0.026330992579460144,713868,53193
0.0,0.0,0.0,0.0,0.0,0.0,0.0,0.0,0.0,11.6,0.0,2.1,21.0,0.0,0.0,4.4,0.0,0.0,0.0,0.0,0.0,0.0,0.0,0.0,0.0,0.0,0.0,0.0,4.0,18.0,2.0,4.1,8.031138509511948,0.027875319123268127,711970,56325
0.0,0.0,0.0,0.0,0.0,0.0,0.0,0.0,0.0,9.6,0.0,3.1,17.2,0.0,0.0,2.3,0.0,0.0,0.0,0.0,0.0,0.0,0.0,0.0,0.0,0.0,0.0,0.0,2.1,18.6,4.0,4.1,8.119811996817589,0.02644704282283783,719831,53435
0.0,0.0,0.0,0.0,0.0,0.0,0.0,0.0,0.0,16.5,0.0,3.1,13.7,0.0,0.0,1.1,0.0,0.0,0.0,0.0,0.0,0.0,0.0,0.0,0.0,0.0,0.0,0.0,2.1,17.2,2.1,6.1,8.747824683785439,0.026705801486968994,775505,53890
0.0,0.0,0.0,0.0,0.0,0.0,0.0,0.0,0.0,12.8,0.0,5.1,16.7,0.0,0.0,3.4,0.0,0.0,0.0,0.0,0.0,0.0,0.0,0.0,0.0,0.0,0.0,1.0,6.0,16.2,5.9,5.1,8.111831843852997,0.02757968008518219,719124,55707
0.0,0.0,0.0,0.0,0.0,0.0,0.0,0.0,0.0,13.3,0.0,4.1,15.6,0.0,0.0,2.3,0.0,0.0,0.0,0.0,0.0,0.0,0.0,0.0,0.0,0.0,0.0,0.0,3.1,12.6,4.0,5.9,8.074439451098442,0.026121750473976135,715811,52729
0.0,0.0,0.0,0.0,0.0,0.0,0.0,0.0,0.0,4.9,2.0,3.1,14.7,0.0,0.0,1.2,0.0,0.0,0.0,0.0,0.0,0.0,0.0,0.0,0.0,0.0,0.0,0.0,4.1,17.2,2.0,5.1,8.246409446001053,0.026184499263763428,731054,52886
0.0,0.0,1.0,0.0,0.0,0.0,0.0,0.0,0.0,9.4,0.0,3.1,18.2,0.0,0.0,2.3,0.0,0.0,0.0,0.0,0.0,0.0,0.0,0.0,0.0,0.0,0.0,0.0,3.1,18.6,7.1,1.0,8.039564952254295,0.02662181854248047,712719,53766
0.0,0.0,0.0,0.0,0.0,0.0,0.0,0.0,0.0,11.4,0.0,4.1,20.0,0.0,0.0,1.2,0.0,0.0,0.0,0.0,0.0,0.0,0.0,0.0,0.0,0.0,0.0,0.0,3.1,18.0,2.0,5.0,8.143420696258545,0.026414155960083008,721924,53352
1.0,0.0,0.0,0.0,0.0,0.0,0.0,0.0,0.0,11.4,0.0,3.1,16.7,0.0,0.0,4.4,0.0,0.0,0.0,0.0,0.0,0.0,0.0,0.0,0.0,0.0,0.0,0.0,4.1,10.8,4.0,5.1,8.088973492383957,0.026438459753990173,717098,53397
0.0,0.0,0.0,0.0,0.0,0.0,0.0,0.0,0.0,8.6,0.0,3.1,16.5,1.0,0.0,3.3,0.0,0.0,0.0,0.0,0.0,0.0,0.0,0.0,0.0,0.0,0.0,0.0,4.0,17.2,6.0,4.1,8.00700132548809,0.026433080434799194,709831,53400
1.0,0.0,0.0,0.0,0.0,0.0,0.0,0.0,0.0,6.1,0.0,3.1,17.2,0.0,0.0,2.3,0.0,0.0,0.0,0.0,0.0,0.0,0.0,0.0,0.0,0.0,0.0,0.0,5.1,16.2,4.1,4.1,8.569365695118904,0.026800870895385742,759685,54100
0.0,0.0,0.0,0.0,0.0,0.0,0.0,0.0,0.0,10.5,0.0,3.1,16.5,0.0,0.0,3.4,0.0,0.0,0.0,0.0,0.0,0.0,0.0,0.0,0.0,0.0,0.0,0.0,5.1,13.5,6.0,4.0,8.53302264213562,0.02713330090045929,756464,54755
0.0,0.0,0.0,0.0,0.0,0.0,0.0,0.0,0.0,14.6,0.0,5.1,15.6,0.0,0.0,2.3,0.0,0.0,0.0,0.0,0.0,0.0,0.0,0.0,0.0,0.0,0.0,0.0,6.0,15.3,6.0,3.1,8.010843738913536,0.02643442153930664,710171,53378
0.0,0.0,0.0,0.0,0.0,0.0,0.0,0.0,0.0,11.5,0.0,5.1,18.2,0.0,0.0,2.3,0.0,0.0,0.0,0.0,0.0,0.0,0.0,0.0,0.0,0.0,0.0,0.0,5.1,17.0,5.0,3.0,8.261045768857002,0.02704419195652008,732353,54587
0.0,0.0,0.0,0.0,0.0,0.0,0.0,0.0,0.0,9.5,0.0,6.0,17.5,0.0,0.0,4.5,0.0,0.0,0.0,0.0,0.0,0.0,0.0,0.0,0.0,0.0,0.0,0.0,6.9,18.0,5.1,6.9,8.154199600219727,0.027314111590385437,722880,55179
0.0,0.0,0.0,0.0,0.0,0.0,0.0,0.0,0.0,4.8,0.0,4.1,17.5,0.0,0.0,2.3,0.0,0.0,0.0,0.0,0.0,0.0,0.0,0.0,0.0,0.0,0.0,0.0,6.9,14.4,2.1,3.1,8.275252863764763,0.026242181658744812,733611,52983
0.0,0.0,0.0,0.0,0.0,0.0,0.0,0.0,0.0,13.6,0.0,5.1,16.7,0.0,0.0,2.3,0.0,0.0,0.0,0.0,0.0,0.0,0.0,0.0,0.0,0.0,0.0,0.0,3.1,15.2,3.1,6.9,7.9205052703619,0.027340233325958252,702163,55222
0.0,0.0,0.0,0.0,0.0,0.0,0.0,0.0,0.0,9.4,0.0,4.2,17.3,0.0,0.0,3.4,0.0,0.0,0.0,0.0,0.0,0.0,0.0,0.0,0.0,0.0,1.0,0.0,5.1,13.4,2.0,6.9,8.153596132993698,0.02643992006778717,722826,53361
0.0,0.0,0.0,0.0,0.0,0.0,0.0,0.0,0.0,11.4,0.0,2.1,20.2,0.0,0.0,2.3,0.0,0.0,0.0,0.0,0.0,0.0,0.0,0.0,0.0,0.0,0.0,0.0,6.0,18.8,5.0,2.1,8.081245064735413,0.026849105954170227,716412,54229
1.0,0.0,1.0,0.0,0.0,0.0,0.0,0.0,0.0,10.6,0.0,3.1,19.2,0.0,0.0,2.3,0.0,0.0,0.0,0.0,0.0,0.0,0.0,0.0,0.0,0.0,0.0,0.0,5.9,15.5,5.1,4.1,8.23496401309967,0.02661474049091339,730040,53715
0.0,0.0,0.0,0.0,0.0,0.0,0.0,0.0,0.0,8.5,0.0,2.0,18.2,0.0,0.0,1.1,0.0,0.0,0.0,0.0,0.0,0.0,0.0,0.0,0.0,0.0,0.0,0.0,2.0,18.8,6.9,5.1,8.077433928847313,0.025068223476409912,716075,50602
0.0,0.0,1.0,0.0,0.0,0.0,0.0,0.0,0.0,4.9,0.0,4.1,17.7,0.0,0.0,3.4,0.0,0.0,0.0,0.0,0.0,0.0,0.0,0.0,0.0,0.0,0.0,0.0,3.1,15.5,3.1,2.1,8.370502695441246,0.02595996856689453,742055,52382
0.0,0.0,0.0,0.0,0.0,0.0,0.0,0.0,0.0,10.5,0.0,6.0,17.5,0.0,0.0,3.4,0.0,0.0,0.0,0.0,0.0,0.0,0.0,0.0,0.0,0.0,0.0,0.0,4.1,12.9,3.0,3.1,8.14934554696083,0.026644855737686157,722450,53792
0.0,0.0,0.0,0.0,0.0,0.0,0.0,0.0,0.0,8.3,0.0,2.1,16.7,0.0,0.0,2.3,0.0,0.0,0.0,0.0,0.0,0.0,0.0,0.0,0.0,0.0,0.0,0.0,3.1,18.6,4.0,5.9,8.165620803833008,0.026640117168426514,723892,53780
1.0,0.0,0.0,0.0,0.0,0.0,0.0,0.0,0.0,11.6,0.0,4.2,13.5,0.0,0.0,3.4,0.0,0.0,0.0,0.0,0.0,0.0,0.0,0.0,0.0,0.0,0.0,0.0,7.0,14.3,4.0,4.1,8.098904192447662,0.027069002389907837,717980,54614
0.0,0.0,0.0,0.0,0.0,0.0,0.0,0.0,0.0,14.4,0.0,4.0,21.8,0.0,0.0,2.2,0.0,0.0,0.0,0.0,0.0,0.0,0.0,0.0,0.0,0.0,0.0,0.0,4.1,16.2,5.0,3.1,7.848558560013771,0.026378154754638672,695785,53240
0.0,0.0,0.0,0.0,0.0,1.0,0.0,0.0,0.0,13.6,0.0,3.1,14.6,0.0,0.0,4.5,0.0,0.0,0.0,0.0,0.0,0.0,0.0,0.0,0.0,0.0,0.0,0.0,3.1,16.8,3.1,3.1,8.068308383226395,0.026544690132141113,715266,53566
0.0,0.0,0.0,0.0,0.0,1.0,0.0,0.0,0.0,14.4,0.0,4.1,16.3,0.0,0.0,3.4,0.0,0.0,0.0,0.0,0.0,0.0,0.0,0.0,0.0,0.0,0.0,0.0,6.0,15.3,3.1,4.1,8.057765886187553,0.02798236906528473,714331,56473
0.0,0.0,0.0,0.0,0.0,0.0,0.0,0.0,0.0,12.6,0.0,3.1,18.4,0.0,0.0,2.3,0.0,0.0,0.0,0.0,0.0,0.0,0.0,0.0,0.0,0.0,0.0,0.0,4.1,14.3,3.0,4.1,7.871839731931686,0.02732151746749878,697850,55136
0.0,0.0,0.0,0.0,0.0,0.0,0.0,0.0,0.0,12.5,0.0,1.1,17.5,0.0,0.0,2.3,0.0,0.0,0.0,0.0,0.0,0.0,0.0,0.0,0.0,0.0,0.0,0.0,3.1,15.3,5.0,3.1,7.5946632623672485,0.027242586016654968,673276,54963
0.0,0.0,0.0,0.0,0.0,0.0,0.0,0.0,0.0,3.7,0.0,3.1,19.6,0.0,0.0,5.6,0.0,0.0,0.0,0.0,0.0,0.0,0.0,0.0,0.0,0.0,0.0,0.0,3.1,11.8,3.0,5.9,7.674331471323967,0.02784276008605957,680339,56140
0.0,0.0,0.0,0.0,0.0,0.0,0.0,0.0,0.0,11.6,0.0,3.1,16.7,0.0,0.0,3.3,0.0,0.0,0.0,0.0,0.0,0.0,0.0,0.0,0.0,0.0,0.0,0.0,6.0,15.3,5.0,5.1,7.800396800041199,0.027120590209960938,691516,54612
0.0,0.0,0.0,0.0,0.0,0.0,0.0,0.0,0.0,9.0,0.0,4.1,19.4,0.0,0.0,2.3,0.0,0.0,0.0,0.0,0.0,0.0,0.0,0.0,0.0,0.0,0.0,0.0,5.0,16.8,3.0,0.0,7.188654601573944,0.0255386084318161,637302,51432
0.0,0.0,0.0,0.0,0.0,0.0,0.0,0.0,0.0,0.0,0.0,0.0,0.0,0.0,0.0,0.0,0.0,0.0,0.0,0.0,0.0,0.0,0.0,0.0,0.0,0.0,0.0,0.0,0.0,0.0,0.0,0.0,1.0594725608825684e-05,1.531839370727539e-05,21,13
0.0,0.0,0.0,0.0,0.0,0.0,0.0,0.0,0.0,0.0,0.0,0.0,0.0,0.0,0.0,0.0,0.0,0.0,0.0,0.0,0.0,0.0,0.0,0.0,0.0,0.0,0.0,0.0,0.0,0.0,0.0,0.0,7.301568984985352e-07,7.301568984985352e-07,1,1
0.0,0.0,0.0,0.0,0.0,0.0,0.0,0.0,0.0,0.0,0.0,0.0,0.0,0.0,0.0,0.0,0.0,0.0,0.0,0.0,0.0,0.0,0.0,0.0,0.0,0.0,0.0,0.0,0.0,0.0,0.0,0.0,7.301568984985352e-07,7.301568984985352e-07,1,1
0.0,0.0,0.0,0.0,0.0,0.0,0.0,0.0,0.0,0.0,0.0,0.0,0.0,0.0,0.0,0.0,0.0,0.0,0.0,0.0,0.0,0.0,0.0,0.0,0.0,0.0,0.0,0.0,0.0,0.0,0.0,0.0,7.301568984985352e-07,7.301568984985352e-07,1,1
