0.0,0.0,0.0,0.0,0.0,0.0,0.0,0.0,0.0,0.0,0.0,0.0,0.0,0.0,0.0,0.0,0.0,0.0,0.0,0.0,0.0,0.0,0.0,0.0,0.0,0.0,0.0,0.0,0.0,0.0,0.0,0.0,1.3053417205810547e-05,0.0011129677295684814,26,970
1.0,0.0,0.0,0.0,0.0,0.0,1.1,3.3,4.1,7.4,5.3,31.7,2.1,4.3,7.1,10.3,0.0,0.0,0.0,0.0,0.0,0.0,7.0,9.2,3.1,4.2,6.0,20.0,3.1,5.2,5.9,6.0,0.027270153164863586,2.2593940645456314,55373,1969161
0.0,0.0,0.0,0.0,0.0,0.0,2.2,3.3,6.2,3.3,3.2,28.3,4.3,5.4,6.3,10.1,0.0,0.0,0.0,0.0,0.0,0.0,9.0,7.2,5.1,7.0,5.1,15.6,6.1,5.1,4.1,6.0,0.027526021003723145,2.272693455219269,55910,1980752
0.0,0.0,0.0,0.0,0.0,0.0,2.2,4.3,3.2,5.2,3.2,18.3,5.5,8.2,10.8,4.3,0.0,0.0,0.0,0.0,0.0,0.0,10.9,9.9,5.9,6.1,6.0,9.6,8.1,5.1,8.1,6.0,0.027070149779319763,2.2169200032949448,54989,1932143
1.0,0.0,0.0,0.0,0.0,0.0,3.2,2.2,4.2,5.4,1.1,12.9,6.5,2.1,16.7,6.4,0.0,0.0,0.0,0.0,0.0,0.0,9.0,2.1,4.1,6.2,4.0,10.3,7.1,5.1,10.1,6.1,0.026830703020095825,2.1916051506996155,54496,1910080
0.0,0.0,0.0,0.0,0.0,0.0,1.1,1.1,2.1,12.8,2.2,14.9,3.2,4.2,16.1,4.3,0.0,0.0,0.0,0.0,0.0,0.0,8.0,5.1,4.1,12.9,2.1,11.2,6.0,4.1,12.1,4.0,0.02658332884311676,2.2024376541376114,53989,1919521
0.0,0.0,0.0,0.0,0.0,0.0,0.0,5.3,2.1,25.7,3.2,13.0,3.2,4.1,6.5,5.3,0.0,0.0,0.0,0.0,0.0,0.0,5.1,8.9,2.1,17.8,4.0,12.1,2.1,4.0,6.1,3.1,0.02671484649181366,2.2148845344781876,54253,1930369
0.0,0.0,0.0,0.0,0.0,0.0,2.1,2.1,2.1,26.7,3.2,2.2,3.3,3.1,10.9,3.2,0.0,0.0,0.0,0.0,0.0,0.0,8.0,7.9,5.0,14.7,3.1,3.1,4.2,5.0,9.2,3.1,0.02651296555995941,2.209911748766899,53857,1926035
1.0,0.0,0.0,0.0,0.0,0.0,2.1,4.1,2.1,30.0,3.1,3.1,5.4,2.1,10.5,4.3,0.0,0.0,0.0,0.0,0.0,0.0,8.8,6.1,6.0,23.5,4.0,5.1,8.0,5.1,9.9,3.1,0.027010828256607056,2.238362416625023,54850,1950831
0.0,0.0,0.0,0.0,0.0,0.0,1.1,2.1,6.1,34.6,4.2,2.1,3.3,4.2,4.4,3.2,0.0,0.0,0.0,0.0,0.0,0.0,7.0,7.8,4.0,20.8,6.0,4.0,5.2,3.1,4.1,3.1,0.026659727096557617,2.248820871114731,54134,1959946
1.0,0.0,0.0,0.0,0.0,0.0,2.1,2.1,5.3,36.2,5.2,4.2,3.2,3.2,6.3,6.2,0.0,0.0,0.0,0.0,0.0,0.0,4.1,6.0,5.2,22.7,4.1,4.1,3.1,5.1,4.1,4.0,0.027202889323234558,2.2598151564598083,55243,1969528
0.0,0.0,0.0,0.0,0.0,0.0,3.1,4.1,3.2,36.8,2.1,1.1,7.2,2.1,3.2,3.3,0.0,0.0,0.0,0.0,0.0,0.0,5.1,5.1,5.1,20.8,6.0,7.8,6.1,5.0,3.1,3.1,0.02709314227104187,2.2619532346725464,55006,1971392
1.0,0.0,0.0,0.0,0.0,0.0,1.1,2.2,2.1,36.2,3.2,5.3,3.2,4.2,5.3,5.4,0.0,0.0,0.0,0.0,0.0,0.0,7.9,6.1,5.1,26.5,4.1,4.1,5.1,3.1,3.1,6.0,0.02694264054298401,2.258527785539627,54706,1968406
1.0,1.0,0.0,0.0,0.0,0.0,3.1,3.1,6.2,37.3,3.2,4.1,2.2,1.1,5.3,4.3,0.0,0.0,0.0,0.0,0.0,0.0,6.1,6.0,6.9,31.3,5.1,6.9,6.1,3.1,4.1,4.1,0.026980742812156677,2.277384474873543,54773,1984841
1.0,0.0,0.0,0.0,0.0,0.0,1.1,9.9,2.1,21.6,5.3,2.1,5.2,3.1,12.1,13.3,0.0,0.0,0.0,0.0,0.0,0.0,9.0,7.0,3.1,16.7,5.1,5.0,6.0,4.0,9.2,9.0,0.026869922876358032,2.2136683017015457,54570,1929309
0.0,0.0,0.0,0.0,0.0,0.0,4.3,4.2,7.4,8.0,2.2,2.2,3.2,6.2,12.9,6.7,0.0,0.0,0.0,0.0,0.0,0.0,9.9,7.1,7.1,11.2,5.1,4.1,3.1,5.1,11.0,8.2,0.026742443442344666,2.171381264925003,54321,1892454
0.0,0.0,0.0,0.0,0.0,0.0,7.0,8.0,10.2,4.3,3.1,2.2,2.1,6.1,13.7,10.6,0.0,0.0,0.0,0.0,0.0,0.0,11.7,5.1,9.0,7.1,2.1,4.1,5.9,4.0,7.1,10.8,0.026266545057296753,2.1800268441438675,53352,1899989
0.0,1.0,0.0,0.0,1.0,0.0,15.4,0.0,6.2,2.1,3.2,9.5,2.1,2.2,21.0,9.6,0.0,0.0,0.0,0.0,0.0,0.0,17.3,6.9,6.1,4.1,2.1,7.1,6.0,7.0,8.1,8.1,0.026543259620666504,2.2000545263290405,53922,1917444
0.0,0.0,0.0,0.0,0.0,0.0,27.1,0.0,2.2,2.1,4.3,1.1,1.1,4.2,7.9,6.4,0.0,0.0,0.0,0.0,0.0,0.0,25.5,6.1,6.0,7.8,7.0,5.1,3.1,3.1,7.9,6.1,0.026724591851234436,2.2557843774557114,54251,1966015
0.0,1.0,0.0,0.0,0.0,0.0,28.1,1.1,3.2,2.1,4.2,4.2,3.2,0.0,12.8,7.4,0.0,0.0,0.0,0.0,0.0,0.0,23.4,6.1,3.1,6.0,5.1,8.8,4.0,5.0,4.1,1.1,0.026582583785057068,2.2550534904003143,53981,1965378
1.0,0.0,0.0,0.0,0.0,0.0,23.7,1.1,3.1,8.3,9.5,0.0,3.1,2.1,15.6,2.2,0.0,0.0,0.0,0.0,0.0,0.0,23.2,5.1,4.0,6.1,7.1,3.1,6.0,4.0,5.1,4.0,0.026596754789352417,2.2506819367408752,54014,1961568
0.0,0.0,0.0,0.0,0.0,0.0,31.6,4.1,3.2,3.3,10.5,1.1,3.2,0.0,12.5,6.2,0.0,0.0,0.0,0.0,0.0,0.0,26.6,3.1,4.1,5.1,8.2,3.1,5.1,3.1,3.1,3.1,0.026725366711616516,2.2693029195070267,54265,1977797
1.0,0.0,0.0,0.0,0.0,0.0,31.3,3.1,5.2,1.1,4.3,2.1,3.2,4.2,14.7,4.2,0.0,0.0,0.0,0.0,0.0,0.0,28.7,5.1,5.0,3.1,5.2,1.0,5.1,3.1,5.1,1.0,0.026616498827934265,2.2466607838869095,54032,1958064
1.0,0.0,0.0,0.0,0.0,0.0,36.5,1.0,3.1,1.1,3.1,3.1,3.1,3.2,14.7,5.2,0.0,0.0,0.0,0.0,0.0,0.0,36.6,5.0,4.0,2.1,4.0,5.0,4.0,6.0,2.1,2.1,0.026329725980758667,2.288452848792076,53444,1994487
1.0,0.0,0.0,0.0,0.0,0.0,29.3,2.1,2.1,3.2,1.1,1.1,3.2,3.2,13.7,7.4,0.0,0.0,0.0,0.0,0.0,0.0,25.5,6.9,4.1,4.1,4.0,3.1,3.1,7.9,5.1,6.1,0.026454105973243713,2.2145224511623383,53721,1930054
0.0,0.0,1.0,0.0,0.0,0.0,29.7,1.1,3.2,3.2,6.5,6.2,1.1,2.1,14.3,2.2,0.0,0.0,0.0,0.0,0.0,0.0,29.0,4.2,4.1,2.1,8.1,6.0,4.0,4.0,2.1,2.1,0.02597564458847046,2.2008783519268036,52742,1918162
0.0,0.0,0.0,0.0,0.0,0.0,34.7,1.1,2.1,4.2,2.2,4.2,3.1,0.0,14.4,5.3,0.0,0.0,0.0,0.0,0.0,0.0,34.0,6.1,2.1,4.0,4.1,3.1,2.1,3.0,5.0,5.1,0.026119962334632874,2.2466775476932526,53023,1958078
1.0,1.0,0.0,0.0,0.0,0.0,39.0,1.0,2.1,2.1,4.2,4.1,2.1,2.1,19.6,5.2,0.0,0.0,0.0,0.0,0.0,0.0,35.5,5.0,3.1,3.1,5.0,5.0,3.1,3.1,4.2,2.1,0.026232898235321045,2.2610766291618347,53246,1970628
1.0,0.0,0.0,0.0,0.0,0.0,36.9,1.1,4.1,1.1,3.1,2.1,3.2,1.1,18.6,2.2,0.0,0.0,0.0,0.0,0.0,0.0,36.7,4.1,2.1,3.1,4.0,6.9,4.1,3.1,4.1,4.0,0.026402190327644348,2.249120831489563,53599,1960208
0.0,0.0,0.0,0.0,0.0,0.0,25.5,1.1,3.2,5.1,3.1,5.2,1.1,5.4,11.6,7.3,0.0,0.0,0.0,0.0,0.0,0.0,27.2,4.1,6.0,5.0,1.1,4.1,4.1,6.2,4.1,7.8,0.026336416602134705,2.21285480260849,53485,1928600
1.0,0.0,0.0,0.0,0.0,0.0,35.6,0.0,5.1,2.1,0.0,1.1,3.2,2.2,15.6,5.3,0.0,0.0,0.0,0.0,0.0,0.0,36.8,3.1,5.0,3.1,4.0,2.1,3.1,4.1,4.1,6.9,0.026088878512382507,2.242937058210373,52963,1954818
2.9,1.0,0.0,0.0,0.0,0.0,38.1,1.0,3.2,4.1,4.2,3.2,3.1,4.3,15.3,4.2,0.0,0.0,0.0,0.0,0.0,0.0,37.9,5.0,6.0,4.0,2.1,3.1,5.0,9.7,2.1,3.1,0.026403561234474182,2.2565995156764984,53597,1966726
0.0,0.0,0.0,0.0,0.0,0.0,28.0,2.2,5.3,3.2,2.1,1.1,2.1,4.4,11.8,4.3,0.0,0.0,0.0,0.0,0.0,0.0,29.2,6.1,6.1,4.1,4.0,4.0,4.0,3.2,5.1,4.1,0.026107460260391235,2.2074597775936127,53026,1923898
0.0,0.0,0.0,0.0,0.0,0.0,24.0,2.2,0.0,2.1,3.2,3.2,3.2,3.2,11.7,8.5,0.0,0.0,0.0,0.0,0.0,0.0,27.6,8.9,3.1,4.1,3.1,6.1,4.1,5.1,4.1,5.1,0.026136934757232666,2.19452066719532,53080,1912621
0.0,0.0,0.0,0.0,0.0,0.0,26.0,1.1,1.1,5.2,1.1,2.2,3.2,4.3,14.3,10.3,0.0,0.0,0.0,0.0,0.0,0.0,29.9,6.1,3.1,3.1,3.1,6.0,4.1,4.1,5.0,4.2,0.02598564326763153,2.2157118022441864,52777,1931090
0.0,0.0,0.0,0.0,0.0,0.0,28.4,2.1,4.2,5.2,3.2,4.3,1.1,5.2,10.6,2.2,0.0,0.0,0.0,0.0,0.0,0.0,30.0,3.1,2.1,5.0,5.0,5.1,5.0,4.1,2.1,5.0,0.026305407285690308,2.2340872436761856,53394,1947105
1.0,0.0,0.0,0.0,0.0,0.0,31.6,0.0,3.2,2.1,3.1,3.1,3.2,6.6,15.3,5.2,0.0,0.0,0.0,0.0,0.0,0.0,38.6,4.1,2.1,2.1,4.0,5.0,4.1,7.2,5.0,4.0,0.026313453912734985,2.2395458668470383,53418,1951863
0.0,0.0,0.0,0.0,0.0,0.0,36.0,0.0,2.1,6.1,1.1,1.1,1.1,4.5,15.0,2.2,0.0,0.0,0.0,0.0,0.0,0.0,39.2,4.1,2.1,3.1,1.0,3.1,5.1,8.1,4.0,3.1,0.02614322304725647,2.2557263523340225,53078,1965965
0.0,0.0,0.0,0.0,0.0,0.0,24.5,1.1,3.2,4.2,3.2,5.3,4.2,3.2,14.6,5.3,0.0,0.0,0.0,0.0,0.0,0.0,29.2,8.7,4.1,3.1,3.1,7.9,3.1,7.9,4.1,5.1,0.02636699378490448,2.21569000184536,53541,1931071
0.0,0.0,0.0,0.0,0.0,0.0,20.9,0.0,4.2,4.3,3.3,2.1,3.1,3.2,14.6,3.2,0.0,0.0,0.0,0.0,0.0,0.0,32.0,6.1,5.1,3.1,7.1,2.1,4.0,6.1,4.1,3.1,0.026024237275123596,2.198770597577095,52845,1916325
1.0,0.0,0.0,0.0,0.0,0.0,37.4,1.1,7.0,2.2,4.3,5.2,4.2,2.1,12.5,5.2,0.0,0.0,0.0,0.0,0.0,0.0,37.4,4.1,4.0,5.1,5.2,5.1,3.1,3.1,2.1,6.9,0.026329830288887024,2.239926800131798,53449,1952195
0.0,0.0,0.0,0.0,0.0,0.0,30.7,0.0,4.2,4.3,5.2,5.2,5.2,1.1,11.5,4.3,0.0,0.0,0.0,0.0,0.0,0.0,33.0,7.1,4.1,8.9,4.1,5.1,3.1,5.0,2.1,4.0,0.02614709734916687,2.215233340859413,53086,1930673
0.0,0.0,0.0,0.0,0.0,0.0,19.4,1.1,4.2,3.3,7.5,3.1,3.2,5.2,10.4,9.5,0.0,0.0,0.0,0.0,0.0,0.0,27.7,5.1,5.9,5.2,6.2,5.0,4.0,7.0,5.9,7.1,0.02634701132774353,2.1890958100557327,53510,1907893
0.0,0.0,0.0,0.0,0.0,0.0,24.2,2.1,6.3,7.5,4.2,3.2,5.2,2.2,16.0,5.3,0.0,0.0,0.0,0.0,0.0,0.0,27.3,7.8,7.0,8.1,6.1,4.0,3.1,5.0,4.1,5.1,0.026475489139556885,2.193199321627617,53755,1911470
2.0,0.0,0.0,0.0,0.0,0.0,31.3,5.2,6.1,4.3,2.1,3.1,3.2,8.2,13.5,10.4,0.0,0.0,0.0,0.0,0.0,0.0,26.4,5.1,7.8,7.1,3.1,5.0,5.1,7.0,5.0,7.1,0.026217415928840637,2.228361114859581,53219,1942115
1.0,0.0,0.0,0.0,0.0,0.0,24.7,3.1,2.2,5.2,8.0,5.2,3.2,6.5,11.5,4.3,0.0,0.0,0.0,0.0,0.0,0.0,28.0,8.8,4.1,5.1,5.9,5.1,3.1,10.8,2.1,5.1,0.026317045092582703,2.2052200734615326,53437,1921946
0.0,0.0,0.0,0.0,0.0,0.0,5.5,4.4,10.3,3.2,3.2,4.5,4.2,8.2,4.4,10.6,0.0,0.0,0.0,0.0,0.0,0.0,14.9,9.2,7.1,7.0,6.1,7.2,5.1,6.1,4.1,6.1,0.026271864771842957,2.147384762763977,53365,1871540
0.0,0.0,0.0,0.0,0.0,0.0,5.8,2.2,5.3,4.2,4.3,6.4,6.3,5.2,8.5,12.8,0.0,0.0,0.0,0.0,0.0,0.0,14.6,9.0,6.1,6.0,6.9,8.0,5.1,7.8,6.0,7.2,0.02619282901287079,2.1698655635118484,53201,1891133
0.0,0.0,0.0,0.0,0.0,0.0,15.2,6.1,5.2,7.1,2.1,2.1,5.1,3.3,11.6,16.8,0.0,0.0,0.0,0.0,0.0,0.0,21.4,5.1,5.1,6.0,5.1,2.1,4.1,7.1,6.1,11.2,0.026039302349090576,2.1845246106386185,52884,1903909
0.0,0.0,0.0,0.0,0.0,0.0,22.3,2.2,7.1,2.2,3.2,4.2,3.2,4.1,11.5,8.7,0.0,0.0,0.0,0.0,0.0,0.0,24.7,5.2,4.1,4.1,3.1,6.9,5.0,5.0,5.9,7.1,0.02599617838859558,2.1944495290517807,52800,1912559
1.0,0.0,0.0,0.0,0.0,0.0,27.7,3.2,5.3,3.2,3.3,9.4,2.1,3.2,10.4,8.2,0.0,0.0,0.0,0.0,0.0,0.0,23.2,6.1,6.0,6.1,6.1,7.1,5.9,3.1,4.0,6.9,0.026197373867034912,2.2024651914834976,53196,1919545
0.0,0.0,0.0,0.0,0.0,0.0,6.7,5.4,5.3,3.2,3.2,5.5,6.4,4.3,10.3,10.5,0.0,0.0,0.0,0.0,0.0,0.0,16.0,6.2,9.8,4.0,4.1,6.2,6.1,10.6,5.1,6.1,0.02634894847869873,2.1593933403491974,53528,1882006
0.0,1.0,0.0,0.0,0.0,0.0,3.3,5.7,2.1,2.2,6.3,4.4,4.2,8.4,9.5,14.3,0.0,0.0,0.0,0.0,0.0,0.0,9.1,11.2,4.0,4.1,6.1,4.2,3.1,8.1,8.0,8.0,0.026328593492507935,2.147494912147522,53472,1871636
0.0,0.0,0.0,0.0,0.0,0.0,2.2,12.6,4.3,5.3,5.3,15.8,2.1,6.5,9.2,8.3,0.0,0.0,0.0,0.0,0.0,0.0,11.8,13.0,4.1,4.1,7.1,12.1,2.1,10.8,4.0,2.1,0.02641811966896057,2.1584237962961197,53648,1881161
0.0,1.0,0.0,0.0,0.0,0.0,2.2,9.1,8.2,4.2,3.2,6.7,6.2,2.1,10.4,8.7,0.0,0.0,0.0,0.0,0.0,0.0,9.2,15.2,7.1,4.1,4.0,8.2,3.1,3.1,5.2,5.1,0.026283085346221924,2.1614127457141876,53390,1883766
0.0,0.0,0.0,0.0,0.0,0.0,7.1,22.7,3.2,2.1,2.2,4.3,5.2,4.3,7.3,18.0,0.0,0.0,0.0,0.0,0.0,0.0,7.9,22.2,6.0,4.1,7.9,5.2,3.1,3.1,5.1,5.2,0.026196643710136414,2.1902799159288406,53197,1908925
0.0,0.0,1.0,0.0,0.0,0.0,2.2,30.3,4.2,2.2,3.2,3.2,1.1,2.1,4.4,11.6,0.0,0.0,0.0,0.0,0.0,0.0,6.2,26.5,3.1,4.1,4.1,6.9,5.1,4.0,7.9,3.1,0.026382073760032654,2.2153985649347305,53561,1930817
0.0,0.0,0.0,0.0,0.0,0.0,1.1,18.7,5.2,4.2,4.2,7.4,4.3,2.1,3.4,14.3,0.0,0.0,0.0,0.0,0.0,0.0,4.1,19.8,6.9,5.1,6.0,7.1,6.1,6.9,5.2,3.1,0.026084735989570618,2.195593476295471,52969,1913556
0.0,0.0,0.0,0.0,0.0,0.0,3.2,7.5,4.2,6.2,3.2,2.2,10.4,6.5,9.7,10.9,0.0,0.0,0.0,0.0,0.0,0.0,9.0,12.9,6.0,6.0,4.1,3.1,9.0,6.2,6.2,10.0,0.026504769921302795,2.164864093065262,53839,1886774
0.0,0.0,0.0,0.0,0.0,0.0,4.1,3.3,6.3,3.2,5.2,6.2,10.9,3.2,9.1,12.8,0.0,0.0,0.0,0.0,0.0,0.0,5.1,9.0,8.0,5.1,5.1,5.1,11.1,6.0,10.2,6.3,0.026881501078605652,2.1732377409934998,54603,1894072
0.0,1.0,0.0,0.0,0.0,0.0,0.0,1.1,6.1,5.3,2.1,5.2,2.2,2.1,10.4,9.4,0.0,0.0,0.0,0.0,0.0,0.0,4.0,4.0,8.7,4.2,5.0,4.1,4.1,2.0,8.0,7.1,0.019547484815120697,1.5678670033812523,39671,1366497
0.0,0.0,0.0,0.0,0.0,0.0,0.0,0.0,0.0,0.0,0.0,0.0,0.0,0.0,0.0,0.0,0.0,0.0,0.0,0.0,0.0,0.0,0.0,0.0,0.0,0.0,0.0,0.0,0.0,0.0,0.0,0.0,7.301568984985352e-07,7.301568984985352e-07,1,1
0.0,0.0,0.0,0.0,0.0,0.0,0.0,0.0,0.0,0.0,0.0,0.0,0.0,0.0,0.0,0.0,0.0,0.0,0.0,0.0,0.0,0.0,0.0,0.0,0.0,0.0,0.0,0.0,0.0,0.0,0.0,0.0,7.301568984985352e-07,7.301568984985352e-07,1,1
0.0,0.0,0.0,0.0,0.0,0.0,0.0,0.0,0.0,0.0,0.0,0.0,0.0,0.0,0.0,0.0,0.0,0.0,0.0,0.0,0.0,0.0,0.0,0.0,0.0,0.0,0.0,0.0,0.0,0.0,0.0,0.0,7.301568984985352e-07,7.301568984985352e-07,1,1
1.0,2.0,1.0,0.0,1.0,0.0,0.0,0.0,0.0,0.0,0.0,0.0,0.0,0.0,0.0,0.0,4.0,0.0,0.0,0.0,0.0,19.8,2.0,0.0,0.0,0.0,1.0,1.0,0.0,1.0,0.0,0.0,7.301568984985352e-07,7.301568984985352e-07,1,1
