0.0,0.0,0.0,0.0,0.0,0.0,0.0,0.0,0.0,0.0,0.0,0.0,0.0,0.0,100.0,0.0,0.0,0.0,0.0,0.0,100.0,0.0,0.0,0.0,0.0,0.0,0.0,0.0,100.0,0.0,0.0,0.0,5.507469177246094e-05,0.03631311655044556,112,3220
13.9,1.0,0.0,0.0,0.0,0.0,0.0,0.0,0.0,0.0,0.0,0.0,88.1,92.4,71.0,80.4,0.0,0.0,1.0,0.0,0.0,1.0,0.0,0.0,0.0,0.0,0.0,0.0,90.6,90.7,71.3,83.0,0.1336095631122589,90.1017365604639,271416,7989797
13.9,0.0,0.0,0.0,0.0,0.0,0.0,0.0,0.0,0.0,0.0,0.0,88.4,91.3,71.7,79.6,1.0,0.0,0.0,0.0,0.0,0.0,0.0,0.0,0.0,0.0,0.0,0.0,89.8,89.9,72.2,83.0,0.13264808058738708,89.82256184518337,269490,7965363
12.4,1.0,0.0,0.0,0.0,0.0,0.0,0.0,0.0,0.0,0.0,0.0,89.2,92.4,70.0,81.4,0.0,0.0,0.0,0.0,0.0,0.0,0.0,0.0,0.0,0.0,0.0,0.0,90.6,90.6,70.8,84.4,0.13309335708618164,90.04722058773041,270366,7985336
8.3,0.0,0.0,1.0,0.0,0.0,0.0,0.0,0.0,0.0,0.0,0.0,89.8,92.6,66.4,83.3,1.0,0.0,0.0,0.0,0.0,0.0,0.0,0.0,0.0,0.0,0.0,0.0,89.9,91.0,66.7,85.4,0.12948040664196014,88.66368286311626,262975,7862975
12.4,1.0,0.0,0.0,0.0,0.0,0.0,0.0,0.0,0.0,0.0,0.0,88.3,91.5,69.7,79.8,0.0,0.0,0.0,0.0,0.0,0.0,0.0,0.0,0.0,0.0,0.0,0.0,90.5,89.9,71.1,84.2,0.13234500586986542,89.94085928797722,268835,7975886
12.4,0.0,0.0,0.0,0.0,0.0,0.0,0.0,0.0,0.0,0.0,0.0,87.4,91.7,67.3,81.6,0.0,1.0,0.0,0.0,0.0,0.0,0.0,0.0,0.0,0.0,0.0,0.0,89.9,90.9,69.5,83.7,0.1314169317483902,89.36536273360252,266997,7925282
13.9,1.0,0.0,1.0,0.0,0.0,0.0,0.0,0.0,0.0,0.0,0.0,89.0,92.2,70.8,79.6,0.0,0.0,0.0,0.0,0.0,0.0,0.0,0.0,0.0,0.0,0.0,0.0,90.7,90.6,71.4,83.5,0.1311274915933609,89.65753093361855,266349,7950742
10.0,0.0,0.0,0.0,0.0,0.0,0.0,0.0,0.0,0.0,0.0,0.0,88.9,92.3,67.6,81.0,0.0,1.0,0.0,1.0,0.0,0.0,0.0,0.0,0.0,0.0,0.0,0.0,91.0,89.7,69.1,85.3,0.13125532865524292,89.56145407259464,266608,7942493
10.0,0.0,1.0,0.0,0.0,0.0,0.0,0.0,0.0,0.0,0.0,0.0,89.3,92.3,72.2,80.2,0.0,0.0,0.0,1.0,0.0,0.0,0.0,0.0,0.0,0.0,0.0,0.0,90.5,91.6,71.6,84.9,0.1334829330444336,90.27856509387493,271232,8005439
13.3,1.0,0.0,0.0,0.0,0.0,0.0,0.0,0.0,0.0,0.0,0.0,89.2,93.2,70.5,80.0,0.0,0.0,0.0,1.0,0.0,0.0,0.0,0.0,0.0,0.0,0.0,0.0,91.6,89.5,70.5,84.5,0.1330883800983429,90.32497929036617,270358,8009251
9.2,0.0,0.0,0.0,0.0,0.0,0.0,0.0,0.0,0.0,0.0,0.0,88.1,92.2,68.5,80.4,0.0,1.0,0.0,1.0,0.0,0.0,0.0,0.0,0.0,0.0,0.0,0.0,90.5,90.8,68.8,84.7,0.13141818344593048,89.66524112224579,266945,7951404
13.9,0.0,0.0,0.0,0.0,0.0,0.0,0.0,0.0,0.0,0.0,0.0,88.0,92.5,69.2,81.9,0.0,0.0,0.0,0.0,0.0,0.0,0.0,0.0,0.0,0.0,0.0,0.0,91.0,90.7,70.1,84.9,0.13253290951251984,90.12734138965607,269187,7991896
11.6,1.0,0.0,0.0,0.0,0.0,0.0,0.0,0.0,0.0,0.0,0.0,89.9,92.1,72.4,81.8,0.0,0.0,0.0,0.0,0.0,0.0,0.0,0.0,0.0,0.0,0.0,0.0,90.3,90.4,71.9,85.4,0.1336313635110855,90.44198639690876,271479,8019541
10.8,0.0,0.0,0.0,0.0,0.0,0.0,0.0,0.0,0.0,0.0,0.0,88.7,92.1,71.3,80.4,0.0,0.0,0.0,0.0,0.0,0.0,0.0,0.0,0.0,0.0,0.0,0.0,90.6,90.3,70.5,84.5,0.1329834759235382,90.12111470103264,270140,7991338
15.4,0.0,0.0,0.0,0.0,0.0,0.0,0.0,0.0,0.0,0.0,0.0,87.4,91.8,68.3,81.1,0.0,0.0,0.0,0.0,0.0,1.0,0.0,0.0,0.0,0.0,0.0,0.0,89.4,90.4,69.9,84.4,0.1331011950969696,90.16920493543148,270390,7995511
13.2,0.0,0.0,0.0,0.0,0.0,0.0,0.0,0.0,0.0,0.0,0.0,87.1,91.0,69.2,81.8,0.0,0.0,0.0,0.0,0.0,1.0,0.0,0.0,0.0,0.0,0.0,0.0,88.6,89.8,68.5,85.6,0.13264340162277222,89.98585876822472,269464,7979966
13.9,0.0,0.0,0.0,0.0,0.0,0.0,0.0,0.0,0.0,0.0,0.0,87.3,90.9,68.5,79.6,0.0,0.0,0.0,0.0,0.0,0.0,0.0,0.0,0.0,0.0,0.0,0.0,89.0,89.6,70.4,83.9,0.13172657787799835,89.41885408759117,267659,7929922
13.2,0.0,0.0,0.0,0.0,0.0,0.0,0.0,0.0,0.0,0.0,0.0,85.8,91.1,69.8,82.7,0.0,0.0,0.0,0.0,0.0,0.0,0.0,0.0,0.0,0.0,0.0,0.0,89.4,89.4,69.1,86.3,0.13291607797145844,90.0709084123373,270035,7987459
13.2,0.0,0.0,0.0,0.0,0.0,0.0,0.0,0.0,0.0,0.0,0.0,85.8,89.9,67.6,82.1,0.0,0.0,0.0,0.0,0.0,0.0,0.0,0.0,0.0,0.0,0.0,0.0,89.1,90.3,70.0,85.7,0.1322823017835617,89.46163156628609,268711,7934006
14.7,0.0,0.0,0.0,0.0,0.0,0.0,0.0,0.0,0.0,0.0,0.0,87.9,92.0,69.7,78.9,0.0,0.0,0.0,0.0,0.0,0.0,0.0,0.0,0.0,0.0,0.0,0.0,89.2,89.4,71.0,82.6,0.13255399465560913,89.88835783302784,269232,7971229
16.1,0.0,0.0,0.0,0.0,0.0,0.0,0.0,0.0,0.0,0.0,0.0,86.9,93.3,71.3,80.4,0.0,0.0,0.0,1.0,0.0,0.0,0.0,0.0,0.0,0.0,0.0,0.0,89.5,90.3,71.7,84.0,0.13294123113155365,90.12977443635464,270031,7992299
12.4,0.0,0.0,0.0,0.0,0.0,0.0,0.0,0.0,0.0,0.0,0.0,88.0,91.3,70.2,79.3,0.0,0.0,0.0,0.0,0.0,0.0,0.0,0.0,0.0,0.0,0.0,0.0,90.3,89.5,71.0,82.6,0.13213057816028595,89.71370550990105,268471,7956010
14.7,0.0,0.0,0.0,0.0,0.0,0.0,0.0,0.0,0.0,0.0,0.0,87.3,91.2,69.2,80.3,0.0,0.0,0.0,0.0,0.0,0.0,0.0,0.0,0.0,0.0,0.0,0.0,89.7,90.4,71.1,85.7,0.1323261708021164,90.00188426673412,268755,7981051
12.4,0.0,0.0,0.0,0.0,0.0,0.0,0.0,0.0,0.0,0.0,0.0,87.5,92.3,68.8,80.4,0.0,0.0,0.0,0.0,0.0,0.0,0.0,0.0,0.0,0.0,0.0,0.0,90.0,90.0,71.4,83.0,0.13190636038780212,89.5162927210331,267974,7938658
11.6,0.0,0.0,1.0,0.0,0.0,0.0,0.0,0.0,0.0,0.0,0.0,87.2,92.2,70.6,80.0,0.0,0.0,0.0,0.0,0.0,0.0,0.0,0.0,0.0,0.0,0.0,0.0,89.6,90.6,72.4,83.7,0.1325482875108719,89.8775433152914,269259,7970051
16.2,0.0,0.0,0.0,0.0,0.0,0.0,0.0,0.0,0.0,0.0,0.0,88.2,91.3,68.5,81.9,0.0,0.0,0.0,0.0,0.0,0.0,0.0,0.0,0.0,0.0,0.0,0.0,89.6,90.4,68.8,85.4,0.1316394954919815,89.70921418070793,267433,7955750
10.8,0.0,0.0,0.0,0.0,0.0,1.0,0.0,0.0,0.0,0.0,0.0,89.1,91.6,70.0,80.2,0.0,0.0,0.0,0.0,0.0,0.0,0.0,0.0,0.0,0.0,0.0,0.0,89.9,89.9,70.8,82.5,0.13209208846092224,89.53181295096874,268306,7939579
10.0,0.0,0.0,0.0,0.0,0.0,0.0,0.0,0.0,0.0,0.0,0.0,87.5,92.5,69.2,81.7,0.0,0.0,0.0,0.0,0.0,0.0,0.0,0.0,0.0,0.0,0.0,0.0,89.6,90.8,67.8,86.3,0.13296951353549957,89.94069448113441,270169,7975918
8.3,0.0,0.0,0.0,0.0,0.0,0.0,0.0,0.0,0.0,0.0,0.0,87.5,91.5,68.6,79.6,0.0,0.0,0.0,0.0,0.0,0.0,0.0,0.0,0.0,0.0,0.0,0.0,90.7,90.9,69.9,84.7,0.13239356875419617,89.98296158015728,268908,7979483
7.5,0.0,0.0,0.0,0.0,0.0,0.0,0.0,0.0,0.0,0.0,0.0,89.1,91.5,67.6,81.4,0.0,0.0,0.0,1.0,0.0,0.0,0.0,0.0,0.0,0.0,0.0,0.0,89.6,89.7,70.5,83.8,0.1312572956085205,89.2803305387497,266622,7917252
5.7,0.0,0.0,0.0,0.0,0.0,0.0,0.0,0.0,0.0,0.0,0.0,88.5,92.2,71.6,80.9,0.0,0.0,0.0,1.0,0.0,0.0,0.0,0.0,0.0,0.0,0.0,0.0,90.6,90.8,70.5,83.3,0.13261768221855164,90.02147924900055,269350,7982804
7.5,2.9,0.0,0.0,0.0,0.0,0.0,2.0,0.0,0.0,0.0,0.0,88.3,91.6,64.5,81.0,0.0,0.0,0.0,0.0,0.0,0.0,0.0,0.0,0.0,0.0,0.0,0.0,89.6,90.0,68.0,85.3,0.1312980055809021,89.16958335042,266760,7908258
12.4,2.9,0.0,0.0,0.0,0.0,0.0,1.0,0.0,0.0,0.0,0.0,86.7,92.6,70.6,79.6,0.0,0.0,0.0,0.0,0.0,0.0,0.0,0.0,0.0,0.0,0.0,0.0,90.0,90.9,71.1,85.7,0.13329456746578217,90.05613340437412,270811,7986105
12.4,2.9,0.0,0.0,0.0,0.0,0.0,0.0,0.0,0.0,0.0,0.0,87.4,92.3,70.1,79.6,0.0,0.0,0.0,0.0,0.0,0.0,0.0,0.0,0.0,0.0,0.0,0.0,90.9,91.0,72.0,83.0,0.1322990506887436,89.6821356266737,268762,7952710
8.3,2.9,0.0,0.0,0.0,0.0,0.0,0.0,0.0,0.0,0.0,0.0,88.4,92.5,69.1,78.3,0.0,0.0,0.0,0.0,0.0,0.0,0.0,0.0,0.0,0.0,0.0,0.0,89.8,89.7,69.2,83.2,0.13251592218875885,89.4320492297411,269223,7931129
15.4,0.0,0.0,0.0,0.0,0.0,0.0,1.0,0.0,0.0,0.0,0.0,88.1,91.6,68.6,81.1,0.0,0.0,0.0,0.0,0.0,0.0,0.0,0.0,0.0,0.0,0.0,0.0,89.5,89.8,69.6,83.2,0.13261599838733673,89.90779055655003,269363,7973193
12.4,0.0,0.0,0.0,0.0,0.0,0.0,2.0,0.0,0.0,0.0,0.0,88.3,92.5,67.0,80.0,0.0,0.0,0.0,0.0,0.0,0.0,0.0,0.0,0.0,0.0,0.0,0.0,90.8,90.9,69.5,84.5,0.13248048722743988,89.68478275835514,269157,7953473
9.2,0.0,0.0,0.0,0.0,0.0,0.0,0.0,0.0,0.0,0.0,0.0,88.4,91.6,66.7,81.1,0.0,0.0,0.0,0.0,0.0,0.0,0.0,0.0,0.0,0.0,0.0,0.0,89.9,90.9,71.1,85.7,0.1321096420288086,90.01991687715054,268404,7982883
7.5,3.8,0.0,0.0,0.0,0.0,0.0,0.0,0.0,0.0,0.0,0.0,87.4,93.3,69.8,81.7,0.0,0.0,0.0,0.0,0.0,0.0,0.0,0.0,0.0,0.0,0.0,0.0,89.8,90.0,73.3,85.7,0.13339529931545258,90.25806844234467,270973,8003804
9.2,2.0,0.0,0.0,0.0,0.0,0.0,0.0,0.0,0.0,0.0,0.0,88.9,90.3,68.5,79.3,0.0,0.0,0.0,0.0,0.0,1.0,0.0,0.0,0.0,0.0,0.0,0.0,89.7,90.5,69.8,83.5,0.13139186799526215,89.35374750196934,266917,7924281
16.1,3.8,0.0,0.0,1.0,0.0,0.0,0.0,0.0,0.0,0.0,0.0,88.3,91.8,71.3,82.6,0.0,0.0,0.0,0.0,0.0,0.0,0.0,1.0,0.0,0.0,0.0,1.0,90.1,89.3,72.2,85.6,0.1327127367258072,90.1454298645258,269623,7993901
15.4,0.0,0.0,0.0,0.0,0.0,0.0,0.0,0.0,0.0,0.0,0.0,86.9,90.4,68.1,80.7,0.0,0.0,0.0,0.0,0.0,0.0,0.0,0.0,0.0,0.0,0.0,0.0,90.0,89.7,70.1,84.7,0.1310553252696991,89.40048855543137,266264,7928484
13.9,0.0,0.0,0.0,0.0,0.0,0.0,0.0,0.0,0.0,0.0,0.0,85.8,89.9,69.2,81.6,0.0,0.0,0.0,0.0,0.0,0.0,0.0,0.0,0.0,0.0,0.0,0.0,89.2,88.6,70.2,85.6,0.13313175737857819,89.98392403125763,270429,7979756
7.5,0.0,0.0,0.0,0.0,0.0,0.0,0.0,0.0,0.0,0.0,0.0,86.1,92.2,68.8,81.4,0.0,0.0,0.0,0.0,0.0,0.0,0.0,1.0,0.0,0.0,0.0,0.0,88.9,90.2,70.7,84.7,0.1317565143108368,89.56525175273418,267620,7942699
13.2,1.0,0.0,0.0,0.0,0.0,0.0,0.0,0.0,0.0,0.0,0.0,87.3,91.1,69.8,80.5,0.0,0.0,0.0,0.0,0.0,0.0,0.0,0.0,0.0,0.0,0.0,0.0,90.2,89.2,70.1,85.6,0.13315442204475403,89.83950628340244,270498,7966733
11.6,0.0,0.0,0.0,0.0,0.0,0.0,0.0,0.0,0.0,0.0,0.0,88.1,92.1,70.1,81.6,0.0,0.0,0.0,0.0,0.0,0.0,0.0,0.0,0.0,0.0,0.0,0.0,89.4,90.2,70.7,83.7,0.13221819698810577,89.94319242238998,268611,7975832
11.7,0.0,0.0,0.0,0.0,0.0,0.0,0.0,0.0,0.0,0.0,0.0,86.9,90.1,69.4,81.4,0.0,0.0,0.0,0.0,0.0,0.0,0.0,0.0,0.0,0.0,0.0,0.0,89.6,89.6,69.8,85.7,0.13319626450538635,89.98726174235344,270604,7980098
18.2,0.0,0.0,0.0,0.0,0.0,0.0,0.0,0.0,0.0,0.0,0.0,87.2,90.2,67.0,79.1,0.0,0.0,0.0,0.0,0.0,0.0,0.0,0.0,0.0,0.0,0.0,0.0,89.6,89.1,69.1,83.7,0.13212306797504425,89.34741739928722,268453,7923751
18.9,0.0,0.0,0.0,0.0,0.0,0.0,0.0,0.0,0.0,0.0,0.0,88.0,92.4,70.3,79.6,0.0,0.0,0.0,0.0,1.0,0.0,0.0,0.0,0.0,0.0,0.0,0.0,90.6,89.8,71.7,82.7,0.13301433622837067,89.5673436075449,270231,7942913
13.2,0.0,0.0,0.0,0.0,0.0,0.0,0.0,0.0,0.0,0.0,0.0,86.9,91.3,66.4,79.5,0.0,1.0,0.0,0.0,0.0,0.0,0.0,0.0,0.0,0.0,0.0,0.0,89.4,89.6,68.5,82.5,0.1315312683582306,89.23537020385265,267188,7913967
13.2,0.0,0.0,0.0,0.0,0.0,0.0,0.0,0.0,0.0,0.0,0.0,86.9,92.3,71.7,82.3,0.0,0.0,0.0,0.0,0.0,0.0,0.0,0.0,0.0,0.0,0.0,0.0,89.6,89.0,70.5,86.0,0.13399732112884521,90.00390270352364,272260,7981250
7.5,0.0,0.0,0.0,0.0,0.0,0.0,0.0,0.0,0.0,0.0,0.0,87.0,91.6,68.6,81.6,0.0,0.0,0.0,0.0,0.0,0.0,0.0,1.0,0.0,0.0,0.0,0.0,89.6,90.8,69.6,85.0,0.13369795680046082,89.87948693335056,271604,7970425
11.6,0.0,0.0,0.0,0.0,0.0,0.0,0.0,0.0,0.0,0.0,0.0,87.5,90.5,67.5,81.4,0.0,0.0,0.0,0.0,0.0,0.0,0.0,0.0,0.0,0.0,0.0,0.0,89.7,88.5,69.0,84.2,0.13133080303668976,89.11199717223644,266807,7903191
7.5,0.0,0.0,0.0,0.0,0.0,0.0,0.0,0.0,0.0,0.0,0.0,88.0,92.5,69.1,82.9,0.0,0.0,0.0,0.0,0.0,0.0,0.0,0.0,0.0,0.0,0.0,0.0,90.3,90.8,71.4,86.6,0.1319526731967926,89.88836413621902,268008,7970516
11.6,0.0,0.0,0.0,0.0,0.0,0.0,0.0,0.0,0.0,0.0,0.0,87.2,92.4,69.5,82.1,0.0,0.0,0.0,0.0,0.0,0.0,0.0,1.0,0.0,0.0,0.0,0.0,89.8,90.6,71.9,84.5,0.13333526253700256,90.0897519737482,270838,7988965
13.2,0.0,0.0,0.0,0.0,0.0,0.0,0.0,0.0,0.0,0.0,0.0,87.3,91.5,69.9,80.9,0.0,0.0,0.0,0.0,0.0,0.0,0.0,0.0,0.0,0.0,0.0,0.0,89.6,89.6,70.1,84.9,0.13308995962142944,89.7621913254261,270394,7960290
13.9,0.0,0.0,0.0,0.0,0.0,0.0,0.0,0.0,0.0,0.0,0.0,87.4,91.7,67.6,82.5,0.0,0.0,0.0,0.0,1.0,0.0,0.0,0.0,0.0,0.0,0.0,0.0,89.8,89.8,69.1,84.2,0.13293448090553284,89.78186583518982,270030,7962232
10.0,0.0,0.0,0.0,0.0,0.0,0.0,0.0,0.0,0.0,0.0,0.0,86.6,91.5,66.7,80.9,0.0,0.0,0.0,0.0,0.0,0.0,0.0,0.0,0.0,0.0,0.0,0.0,89.0,89.9,68.9,85.3,0.13353970646858215,90.03794819116592,271254,7984588
10.8,0.0,0.0,0.0,0.0,0.0,0.0,1.0,0.0,0.0,0.0,0.0,88.2,93.4,70.5,80.9,0.0,0.0,1.0,0.0,0.0,0.0,0.0,8.0,0.0,0.0,0.0,0.0,90.4,89.8,72.7,83.9,0.1340881735086441,90.20498368144035,272385,7999042
6.6,0.0,0.0,0.0,0.0,0.0,0.0,0.0,0.0,0.0,0.0,0.0,65.4,67.6,52.8,60.2,0.0,0.0,0.0,0.0,0.0,0.0,0.0,0.0,0.0,0.0,0.0,0.0,64.0,64.3,51.0,61.0,0.0953483060002327,64.40420772135258,193631,5711618
1.0,0.0,0.0,0.0,0.0,0.0,0.0,0.0,0.0,0.0,0.0,0.0,0.0,0.0,0.0,0.0,0.0,0.0,0.0,0.0,0.0,0.0,0.0,0.0,0.0,0.0,0.0,0.0,0.0,0.0,0.0,0.0,7.301568984985352e-07,7.301568984985352e-07,1,1
0.0,0.0,0.0,0.0,0.0,0.0,0.0,0.0,0.0,0.0,0.0,0.0,0.0,0.0,0.0,0.0,0.0,0.0,0.0,0.0,0.0,0.0,0.0,0.0,0.0,0.0,0.0,0.0,0.0,0.0,0.0,0.0,7.301568984985352e-07,7.301568984985352e-07,1,1
1.0,0.0,0.0,0.0,0.0,0.0,0.0,0.0,0.0,0.0,0.0,0.0,0.0,0.0,0.0,0.0,0.0,0.0,0.0,0.0,0.0,0.0,0.0,0.0,0.0,0.0,0.0,0.0,0.0,0.0,0.0,0.0,7.301568984985352e-07,7.301568984985352e-07,1,1
0.0,0.0,0.0,0.0,0.0,0.0,0.0,0.0,0.0,0.0,0.0,0.0,0.0,0.0,0.0,0.0,0.0,0.0,0.0,0.0,0.0,0.0,0.0,0.0,0.0,0.0,0.0,0.0,0.0,0.0,0.0,0.0,7.301568984985352e-07,7.301568984985352e-07,1,1
