0.0,0.0,0.0,0.0,0.0,0.0,0.0,0.0,0.0,0.0,0.0,0.0,0.0,0.0,0.0,0.0,0.0,0.0,0.0,0.0,0.0,0.0,0.0,0.0,0.0,0.0,0.0,0.0,0.0,0.0,0.0,0.0,0.0,0.0,0,0
0.0,0.0,0.0,0.0,0.0,0.0,0.0,0.0,0.0,0.0,2.0,1.1,2.1,0.0,0.0,4.3,0.0,0.0,0.0,0.0,0.0,0.0,0.0,0.0,0.0,2.2,3.1,2.4,14.6,8.1,20.8,10.1,11.416134998202324,0.020353734493255615,1083657,41338
0.0,0.0,0.0,0.0,0.0,0.0,0.0,0.0,0.0,0.0,2.1,1.1,1.0,0.0,0.0,3.2,0.0,0.0,0.0,0.0,0.0,0.0,0.0,0.0,0.0,2.2,3.1,2.4,8.2,5.1,18.0,7.8,11.593216568231583,0.020324036478996277,1100436,41321
0.0,0.0,0.0,0.0,0.0,0.0,0.0,0.0,0.0,0.0,2.1,2.3,4.2,0.0,0.0,6.2,0.0,0.0,0.0,0.0,0.0,0.0,0.0,0.0,0.0,3.3,2.1,1.2,12.0,5.1,16.3,10.0,13.01898643374443,0.022997885942459106,1235770,46758
0.0,0.0,0.0,0.0,0.0,0.0,0.0,0.0,0.0,0.0,2.1,3.4,6.2,0.0,0.0,2.1,0.0,0.0,0.0,0.0,0.0,0.0,0.0,0.0,0.0,1.1,3.1,1.1,6.1,4.1,17.0,10.0,11.605942994356155,0.020783066749572754,1101644,42250
1.0,0.0,0.0,0.0,0.0,0.0,0.0,0.0,1.0,0.0,3.1,2.3,4.2,0.0,0.0,4.1,0.0,0.0,0.0,0.0,0.0,0.0,0.0,0.0,0.0,1.1,1.0,2.3,9.0,6.1,18.6,9.9,11.82420963048935,0.020787402987480164,1122362,42265
0.0,0.0,0.0,0.0,0.0,0.0,0.0,0.0,0.0,0.0,4.2,2.2,4.1,0.0,0.0,1.0,0.0,0.0,0.0,0.0,0.0,0.0,0.0,0.0,0.0,1.1,2.1,0.0,5.1,5.2,22.3,7.9,11.107758194208145,0.019454792141914368,1054356,39553
0.0,0.0,0.0,0.0,0.0,0.0,0.0,0.0,0.0,0.0,4.1,0.0,2.1,0.0,0.0,1.0,0.0,0.0,0.0,0.0,0.0,0.0,0.0,0.0,0.0,3.4,3.2,0.0,4.0,6.1,20.0,4.1,11.171453535556793,0.01966892182826996,1060402,39987
0.0,0.0,0.0,0.0,0.0,0.0,0.0,1.0,0.0,0.0,2.1,2.3,4.2,0.0,0.0,1.0,0.0,0.0,0.0,0.0,0.0,0.0,0.0,0.0,0.0,1.1,3.1,2.2,5.1,6.1,17.5,8.1,11.339478179812431,0.020043551921844482,1076351,40744
0.0,0.0,0.0,0.0,0.0,0.0,0.0,0.0,0.0,0.0,8.1,2.2,3.1,0.0,0.0,1.1,0.0,0.0,0.0,0.0,0.0,0.0,0.0,0.0,0.0,0.0,1.0,2.2,6.1,9.1,19.2,9.8,11.899209156632423,0.020740777254104614,1129481,42174
0.0,0.0,0.0,0.0,0.0,0.0,0.0,0.0,0.0,0.0,3.1,1.1,1.1,0.0,0.0,2.1,0.0,0.0,0.0,0.0,0.0,0.0,0.0,0.0,0.0,2.2,4.1,2.2,6.1,5.2,15.8,3.1,10.93432903289795,0.019067034125328064,1037894,38765
0.0,0.0,0.0,0.0,0.0,0.0,0.0,0.0,0.0,0.0,3.1,1.1,2.1,0.0,0.0,3.1,0.0,0.0,0.0,0.0,0.0,0.0,0.0,0.0,0.0,2.3,5.1,0.0,7.8,5.9,17.2,7.9,11.03892171382904,0.019509553909301758,1047822,39664
0.0,0.0,0.0,0.0,0.0,0.0,0.0,0.0,0.0,0.0,3.1,0.0,1.0,0.0,0.0,1.1,0.0,0.0,0.0,0.0,0.0,0.0,0.0,0.0,0.0,1.1,4.1,4.5,8.2,2.1,19.0,6.9,12.00956454873085,0.020833536982536316,1139956,42351
0.0,0.0,0.0,0.0,0.0,0.0,0.0,0.0,0.0,0.0,3.1,0.0,1.0,0.0,0.0,5.2,0.0,0.0,0.0,0.0,0.0,0.0,0.0,0.0,0.0,1.1,4.1,1.2,6.3,3.1,17.0,4.0,10.897624671459198,0.019143477082252502,1034410,38913
0.0,0.0,0.0,0.0,0.0,0.0,0.0,0.0,0.0,0.0,5.1,0.0,2.1,0.0,0.0,2.1,0.0,0.0,0.0,0.0,0.0,0.0,0.0,0.0,0.0,2.3,4.2,3.4,6.2,6.2,21.2,7.0,13.359218895435333,0.02297063171863556,1268066,46697
1.0,0.0,0.0,0.0,0.0,0.0,0.0,0.0,0.0,0.0,7.1,3.4,5.2,0.0,0.0,1.1,0.0,0.0,0.0,0.0,0.0,0.0,0.0,0.0,0.0,0.0,4.0,0.0,6.2,7.1,20.0,9.1,12.91037006676197,0.022380992770195007,1225461,45507
0.0,0.0,0.0,0.0,0.0,0.0,0.0,0.0,0.0,0.0,3.1,0.0,3.1,0.0,0.0,3.1,0.0,0.0,0.0,0.0,0.0,0.0,0.0,0.0,0.0,0.0,2.1,2.3,6.2,6.1,17.2,6.1,11.677676633000374,0.020559102296829224,1108453,41796
0.0,0.0,0.0,0.0,0.0,0.0,0.0,0.0,1.0,0.0,6.0,1.1,0.0,0.0,0.0,2.1,0.0,0.0,0.0,0.0,0.0,0.0,0.0,0.0,0.0,3.3,2.1,2.2,5.1,7.9,16.2,4.2,10.5973631888628,0.019239991903305054,1005909,39118
0.0,0.0,0.0,0.0,0.0,0.0,0.0,0.0,0.0,0.0,4.2,1.2,2.1,0.0,0.0,1.0,0.0,0.0,0.0,0.0,0.0,0.0,0.0,0.0,0.0,1.1,2.1,0.0,5.1,7.2,23.3,7.1,12.19954438507557,0.0214921236038208,1157989,43690
0.0,0.0,0.0,0.0,0.0,0.0,0.0,0.0,0.0,0.0,3.2,1.2,5.3,0.0,0.0,2.1,0.0,0.0,0.0,0.0,0.0,0.0,0.0,0.0,0.0,0.0,2.1,0.0,4.2,6.2,21.0,10.2,14.360845521092415,0.025061875581741333,1363141,50936
0.0,0.0,0.0,0.0,0.0,0.0,0.0,0.0,0.0,0.0,2.1,1.1,2.1,0.0,0.0,0.0,0.0,0.0,0.0,0.0,0.0,0.0,0.0,0.0,0.0,0.0,2.1,2.2,7.9,8.1,14.9,5.2,12.381654486060143,0.022178202867507935,1175275,45092
0.0,0.0,0.0,0.0,0.0,0.0,0.0,0.0,0.0,0.0,3.1,1.1,2.1,0.0,0.0,1.0,0.0,0.0,0.0,0.0,0.0,0.0,0.0,0.0,0.0,2.2,4.1,0.0,6.0,4.1,18.2,5.2,10.995275437831879,0.01956602931022644,1043680,39780
0.0,0.0,0.0,0.0,0.0,0.0,0.0,0.0,0.0,0.0,2.1,0.0,2.1,0.0,0.0,2.1,0.0,0.0,0.0,0.0,0.0,0.0,0.0,0.0,0.0,2.3,2.1,0.0,6.1,9.0,19.4,4.1,11.704425305128098,0.020873278379440308,1110992,42436
0.0,0.0,0.0,0.0,0.0,0.0,0.0,0.0,0.0,0.0,6.1,2.3,3.2,0.0,0.0,3.1,0.0,0.0,0.0,0.0,0.0,0.0,0.0,0.0,0.0,2.2,1.1,1.1,4.2,7.1,19.4,9.0,12.856662020087242,0.02273571491241455,1220363,46214
0.0,0.0,0.0,0.0,0.0,0.0,0.0,0.0,1.0,0.0,5.2,1.1,2.1,0.0,0.0,3.2,0.0,0.0,0.0,0.0,0.0,0.0,0.0,0.0,0.0,0.0,3.1,3.4,11.0,9.9,20.6,6.1,12.868124231696129,0.02264264225959778,1221451,46042
0.0,0.0,0.0,0.0,0.0,0.0,0.0,0.0,0.0,0.0,4.1,0.0,0.0,0.0,0.0,1.1,0.0,0.0,0.0,0.0,0.0,0.0,0.0,0.0,0.0,1.1,1.1,1.1,5.2,3.2,17.3,4.0,10.525945603847504,0.01887226104736328,999130,38358
0.0,0.0,0.0,0.0,0.0,0.0,0.0,0.0,0.0,0.0,4.1,1.1,2.1,0.0,0.0,2.1,0.0,0.0,0.0,0.0,0.0,0.0,0.0,0.0,0.0,2.2,2.1,1.1,8.1,7.1,18.6,4.1,11.868731051683426,0.02084958553314209,1126588,42390
0.0,0.0,0.0,0.0,0.0,0.0,0.0,0.0,0.0,0.0,1.1,0.0,1.0,0.0,0.0,3.1,0.0,0.0,0.0,0.0,0.0,0.0,0.0,0.0,0.0,1.1,4.1,1.1,10.6,3.1,14.6,6.0,10.74252662062645,0.019132494926452637,1019688,38888
0.0,0.0,0.0,0.0,0.0,0.0,0.0,1.0,0.0,0.0,0.0,1.1,1.0,1.0,0.0,4.1,0.0,0.0,0.0,0.0,0.0,0.0,0.0,0.0,0.0,0.0,4.2,0.0,5.1,7.0,20.8,5.1,11.71265323460102,0.020648419857025146,1111773,41982
0.0,0.0,0.0,0.0,0.0,0.0,0.0,0.0,0.0,0.0,4.1,1.1,3.1,0.0,0.0,1.1,0.0,0.0,0.0,0.0,0.0,0.0,0.0,0.0,0.0,2.2,5.1,2.2,6.1,7.1,21.0,7.8,11.7787716537714,0.020863592624664307,1118049,42410
0.0,0.0,0.0,0.0,0.0,0.0,0.0,0.0,1.0,0.0,2.1,0.0,2.1,0.0,0.0,3.1,0.0,0.0,0.0,0.0,0.0,0.0,0.0,0.0,0.0,1.1,2.1,1.1,8.0,9.8,21.8,6.0,11.733080834150314,0.02085474133491516,1113712,42394
0.0,0.0,0.0,0.0,0.0,0.0,0.0,0.0,0.0,0.0,2.1,1.1,1.0,0.0,0.0,2.1,0.0,0.0,0.0,0.0,0.0,0.0,0.0,0.0,0.0,2.3,6.1,1.1,6.1,5.1,18.6,5.1,11.603804364800453,0.020683422684669495,1101441,42057
0.0,0.0,0.0,0.0,0.0,0.0,0.0,0.0,0.0,0.0,4.2,1.1,2.1,0.0,0.0,2.1,0.0,0.0,0.0,0.0,0.0,0.0,0.0,0.0,0.0,0.0,1.0,3.4,8.2,8.1,15.5,3.1,11.28063952922821,0.019744575023651123,1070766,40132
0.0,0.0,0.0,0.0,0.0,0.0,0.0,0.0,0.0,0.0,3.1,0.0,2.1,0.0,0.0,3.2,0.0,0.0,0.0,0.0,0.0,0.0,0.0,0.0,0.0,1.1,2.1,2.3,10.1,6.3,14.0,6.2,13.41994333267212,0.023933857679367065,1273830,48638
0.0,0.0,0.0,0.0,0.0,0.0,0.0,0.0,0.0,0.0,3.1,2.3,6.1,0.0,0.0,3.1,0.0,0.0,0.0,0.0,0.0,0.0,0.0,0.0,0.0,2.2,4.1,0.0,6.1,4.1,17.3,7.2,12.149597376585007,0.021609321236610413,1153248,43935
0.0,0.0,0.0,0.0,0.0,0.0,0.0,0.0,0.0,0.0,4.2,2.3,3.2,0.0,0.0,1.0,0.0,0.0,0.0,0.0,0.0,0.0,0.0,0.0,0.0,1.2,4.2,2.2,3.1,6.3,23.8,8.2,13.63703003525734,0.024423182010650635,1294436,49658
0.0,0.0,0.0,0.0,0.0,0.0,0.0,0.0,0.0,0.0,5.2,1.1,2.1,0.0,0.0,2.0,0.0,0.0,0.0,0.0,0.0,0.0,0.0,0.0,0.0,1.1,4.2,0.0,4.0,9.2,26.0,8.2,13.190941408276558,0.023540839552879333,1252093,47835
0.0,0.0,0.0,0.0,0.0,0.0,0.0,0.0,0.0,0.0,3.2,1.1,3.1,0.0,0.0,2.1,0.0,0.0,0.0,0.0,0.0,0.0,0.0,0.0,0.0,2.3,1.1,0.0,6.2,13.9,22.9,6.1,15.597815483808517,0.027649328112602234,1480554,56209
0.0,0.0,0.0,0.0,0.0,0.0,0.0,1.0,0.0,0.0,4.1,2.3,3.1,0.0,0.0,4.2,0.0,0.0,0.0,0.0,0.0,0.0,0.0,0.0,0.0,1.1,3.2,0.0,10.3,9.9,17.0,8.2,14.265291973948479,0.025559380650520325,1354071,51933
1.0,0.0,0.0,0.0,0.0,0.0,0.0,0.0,0.0,0.0,4.1,1.1,6.0,0.0,0.0,4.1,0.0,0.0,0.0,0.0,0.0,0.0,0.0,0.0,0.0,1.1,4.1,2.2,7.1,5.2,23.8,4.2,12.501112222671509,0.023018911480903625,1186614,46787
0.0,0.0,0.0,0.0,0.0,0.0,0.0,0.0,0.0,0.0,1.1,1.1,1.1,0.0,0.0,1.1,0.0,0.0,0.0,0.0,0.0,0.0,0.0,0.0,0.0,0.0,3.2,1.1,8.9,7.0,18.4,6.1,11.9696364402771,0.021319448947906494,1136166,43322
0.0,0.0,0.0,0.0,0.0,0.0,0.0,0.0,0.0,0.0,2.1,2.2,2.1,0.0,0.0,1.1,0.0,0.0,0.0,0.0,0.0,0.0,0.0,0.0,0.0,2.2,3.1,1.1,6.1,4.1,16.7,6.2,11.91993173956871,0.021466687321662903,1131448,43623
0.0,0.0,0.0,0.0,0.0,0.0,0.0,0.0,0.0,0.0,3.1,0.0,2.1,0.0,0.0,1.1,0.0,0.0,0.0,0.0,0.0,0.0,0.0,0.0,0.0,0.0,2.1,1.1,6.1,8.0,15.6,8.9,12.19931261241436,0.021996766328811646,1157967,44702
0.0,0.0,0.0,0.0,0.0,0.0,0.0,0.0,1.0,0.0,4.1,2.3,4.1,0.0,0.0,1.1,0.0,0.0,0.0,0.0,0.0,0.0,0.0,0.0,0.0,2.2,2.1,1.1,10.1,5.3,16.0,9.1,13.594215303659439,0.02484130859375,1290372,50476
0.0,0.0,0.0,0.0,0.0,0.0,0.0,0.0,0.0,0.0,5.3,1.1,1.1,0.0,0.0,0.0,0.0,0.0,0.0,0.0,0.0,0.0,0.0,0.0,0.0,0.0,2.1,1.1,10.0,13.1,19.4,7.1,13.930728137493134,0.025163516402244568,1322314,51149
0.0,0.0,0.0,0.0,0.0,0.0,0.0,0.0,0.0,0.0,4.1,2.3,2.1,0.0,0.0,5.1,0.0,0.0,0.0,0.0,0.0,0.0,0.0,0.0,0.0,2.2,5.1,2.3,9.2,8.1,23.3,11.9,13.683795437216759,0.025151163339614868,1298875,51114
0.0,0.0,0.0,0.0,0.0,0.0,0.0,0.0,0.0,0.0,3.2,1.2,5.2,0.0,0.0,1.1,0.0,0.0,0.0,0.0,0.0,0.0,0.0,0.0,0.0,1.1,2.1,2.2,9.1,8.2,24.3,10.1,14.730090975761414,0.02685035765171051,1398190,54567
1.0,0.0,0.0,0.0,0.0,0.0,0.0,0.0,0.0,0.0,3.1,1.1,3.1,0.0,0.0,2.1,0.0,0.0,0.0,0.0,0.0,0.0,0.0,0.0,0.0,0.0,2.1,0.0,8.1,6.2,21.8,9.1,13.22658172249794,0.02430976927280426,1255476,49403
0.0,0.0,0.0,0.0,0.0,0.0,0.0,0.0,0.0,0.0,1.1,2.2,1.1,0.0,0.0,3.1,0.0,0.0,0.0,0.0,0.0,0.0,0.0,0.0,0.0,2.2,2.1,0.0,5.2,8.0,20.0,4.2,12.037651181221008,0.021634265780448914,1142622,43965
1.0,0.0,0.0,0.0,0.0,0.0,0.0,0.0,0.0,0.0,2.1,1.1,4.1,0.0,0.0,0.0,0.0,0.0,0.0,0.0,0.0,0.0,0.0,0.0,0.0,1.1,1.1,1.1,8.0,6.1,18.2,8.0,11.906910330057144,0.021154463291168213,1130212,42994
0.0,0.0,0.0,0.0,0.0,0.0,0.0,0.0,0.0,0.0,2.1,2.2,0.0,0.0,0.0,2.1,0.0,0.0,0.0,0.0,0.0,0.0,0.0,0.0,0.0,0.0,5.1,1.1,8.1,9.1,23.8,8.0,12.576512083411217,0.022932857275009155,1193771,46602
0.0,0.0,0.0,0.0,0.0,0.0,0.0,0.0,0.0,0.0,3.2,1.1,2.1,0.0,0.0,5.1,0.0,0.0,0.0,0.0,0.0,0.0,0.0,0.0,0.0,1.1,2.1,1.1,9.1,7.2,20.2,9.9,13.488958910107613,0.02486369013786316,1280381,50536
0.0,0.0,0.0,0.0,0.0,0.0,0.0,0.0,0.0,0.0,6.1,1.1,2.1,0.0,0.0,2.1,0.0,0.0,0.0,0.0,0.0,0.0,0.0,0.0,0.0,0.0,7.8,0.0,7.1,9.1,20.2,6.2,12.868324398994446,0.023567840456962585,1221470,47883
0.0,0.0,0.0,0.0,0.0,0.0,0.0,0.0,0.0,0.0,3.2,2.2,2.1,0.0,0.0,2.1,0.0,0.0,0.0,0.0,0.0,0.0,0.0,0.0,0.0,1.1,3.1,2.3,7.1,9.9,19.8,8.9,12.039073422551155,0.021554872393608093,1142757,43811
0.0,0.0,0.0,0.0,0.0,0.0,0.0,0.0,0.0,0.0,2.1,0.0,2.1,0.0,0.0,1.1,0.0,0.0,0.0,0.0,0.0,0.0,0.0,0.0,0.0,1.1,2.1,0.0,5.3,3.1,16.8,9.0,11.686557739973068,0.021095842123031616,1109296,42868
0.0,0.0,0.0,0.0,0.0,0.0,0.0,0.0,0.0,0.0,2.1,1.1,3.1,0.0,0.0,1.1,0.0,0.0,0.0,0.0,0.0,0.0,0.0,0.0,0.0,3.3,1.1,2.2,7.1,6.0,15.6,10.0,12.010460034012794,0.021688759326934814,1140041,44070
0.0,0.0,0.0,0.0,0.0,0.0,0.0,0.0,0.0,0.0,2.1,1.2,4.2,0.0,0.0,4.2,0.0,0.0,0.0,0.0,0.0,0.0,0.0,0.0,0.0,0.0,4.1,2.3,10.2,7.1,18.4,10.1,13.608406111598015,0.02570272982120514,1291719,52237
0.0,0.0,0.0,0.0,0.0,0.0,0.0,0.0,0.0,0.0,3.1,0.0,2.1,0.0,0.0,1.1,0.0,0.0,0.0,0.0,0.0,0.0,0.0,0.0,0.0,2.3,4.2,1.1,5.3,4.1,17.7,7.1,13.246745944023132,0.023947179317474365,1257390,48674
0.0,0.0,0.0,0.0,0.0,0.0,0.0,0.0,1.0,0.0,1.1,1.1,3.1,0.0,0.0,2.1,0.0,0.0,0.0,0.0,0.0,0.0,0.0,0.0,0.0,0.0,4.1,1.2,5.2,7.1,19.8,7.1,12.177947387099266,0.021353036165237427,1155939,43398
1.0,0.0,0.0,0.0,0.0,0.0,0.0,0.0,0.0,0.0,2.1,1.1,2.1,0.0,0.0,2.1,0.0,0.0,0.0,0.0,0.0,0.0,0.0,0.0,0.0,0.0,2.1,1.2,11.9,8.0,15.5,6.1,12.11511592566967,0.021725565195083618,1149975,44156
0.0,0.0,0.0,0.0,0.0,0.0,0.0,0.0,0.0,0.0,1.1,1.1,1.1,0.0,0.0,3.1,0.0,0.0,0.0,0.0,0.0,0.0,0.0,0.0,0.0,0.0,3.1,0.0,9.9,7.1,15.6,6.1,11.40252647548914,0.02062317728996277,1082350,41915
0.0,0.0,0.0,0.0,0.0,0.0,0.0,0.0,0.0,0.0,0.0,0.0,0.0,0.0,0.0,0.0,0.0,0.0,0.0,0.0,0.0,0.0,0.0,0.0,0.0,0.0,0.0,0.0,0.0,0.0,0.0,0.0,1.0594725608825684e-05,1.484900712966919e-05,21,12
0.0,0.0,0.0,0.0,0.0,0.0,0.0,0.0,0.0,0.0,0.0,0.0,0.0,0.0,0.0,0.0,0.0,0.0,0.0,0.0,0.0,0.0,0.0,0.0,0.0,0.0,0.0,0.0,0.0,0.0,0.0,0.0,7.301568984985352e-07,7.301568984985352e-07,1,1
0.0,0.0,0.0,0.0,0.0,0.0,0.0,0.0,0.0,0.0,0.0,0.0,0.0,0.0,0.0,0.0,0.0,0.0,0.0,0.0,0.0,0.0,0.0,0.0,0.0,0.0,0.0,0.0,0.0,0.0,0.0,0.0,7.301568984985352e-07,7.301568984985352e-07,1,1
0.0,0.0,0.0,0.0,0.0,0.0,0.0,0.0,0.0,0.0,0.0,0.0,0.0,0.0,0.0,0.0,0.0,0.0,0.0,0.0,0.0,0.0,0.0,0.0,0.0,0.0,0.0,0.0,0.0,0.0,0.0,0.0,7.301568984985352e-07,7.301568984985352e-07,1,1
