0.0,0.0,0.0,0.0,0.0,0.0,0.0,0.0,0.0,0.0,0.0,0.0,0.0,0.0,0.0,0.0,0.0,0.0,0.0,0.0,0.0,0.0,0.0,0.0,0.0,0.0,0.0,0.0,0.0,0.0,0.0,0.0,0.0,0.0,0,0
2.0,0.0,0.0,0.0,0.0,0.0,0.0,0.0,0.0,49.5,40.4,14.6,52.1,48.7,0.0,2.4,0.0,0.0,0.0,0.0,0.0,0.0,0.0,0.0,0.0,2.0,0.0,0.0,53.8,83.5,73.7,76.1,83.45102435350418,0.12452642619609833,7400124,252917
2.9,0.0,0.0,0.0,0.0,0.0,0.0,0.0,0.0,49.0,29.1,15.4,56.3,52.6,0.0,6.0,0.0,0.0,0.0,0.0,0.0,0.0,0.0,0.0,0.0,0.0,0.0,0.0,54.5,87.4,75.3,77.2,88.62008264660835,0.13156652450561523,7859310,267234
1.0,0.0,0.0,1.0,0.0,0.0,0.0,0.0,0.0,51.5,27.1,18.7,58.2,62.4,0.0,0.0,0.0,0.0,0.0,1.0,0.0,0.0,0.0,0.0,0.0,0.0,0.0,0.0,53.0,85.1,82.2,76.7,89.38307394087315,0.13245873153209686,7926313,269077
3.8,0.0,0.0,0.0,0.0,0.0,0.0,0.0,0.0,48.0,36.3,16.5,53.1,58.9,0.0,4.7,0.0,0.0,0.0,0.0,0.0,0.0,0.0,0.0,0.0,0.0,0.0,0.0,54.5,87.5,76.2,75.3,89.13992032408714,0.13129925727844238,7905002,266654
2.0,0.0,0.0,1.0,0.0,0.0,0.0,0.0,0.0,48.0,34.4,15.7,56.6,52.6,0.0,2.4,0.0,0.0,0.0,0.0,0.0,0.0,0.0,0.0,0.0,0.0,0.0,0.0,51.1,84.4,75.3,75.3,88.45912066102028,0.12966011464595795,7844834,263317
2.9,0.0,0.0,1.0,0.0,0.0,0.0,0.0,0.0,51.0,42.3,10.2,56.6,57.8,1.0,11.9,0.0,0.0,0.0,1.0,0.0,0.0,0.0,0.0,0.0,0.0,0.0,0.0,52.1,87.4,71.4,78.5,88.97294214367867,0.13298611342906952,7889918,270181
0.0,0.0,0.0,0.0,0.0,0.0,0.0,0.0,0.0,50.0,25.3,13.6,52.5,54.3,0.0,2.4,0.0,0.0,0.0,0.0,0.0,0.0,0.0,0.0,0.0,0.0,0.0,0.0,52.6,79.6,74.0,76.4,88.45070961117744,0.13001641631126404,7843270,264044
1.0,0.0,0.0,0.0,0.0,0.0,0.0,0.0,0.0,50.0,26.7,12.6,48.5,55.1,0.0,2.4,0.0,0.0,0.0,1.0,0.0,0.0,0.0,0.0,0.0,0.0,1.0,0.0,52.5,78.5,74.7,76.9,87.69084580242634,0.12901321053504944,7776245,262142
3.8,0.0,0.0,0.0,0.0,0.0,0.0,0.0,0.0,49.0,23.8,19.1,62.0,58.6,0.0,1.2,0.0,0.0,0.0,1.0,0.0,0.0,0.0,0.0,0.0,0.0,0.0,0.0,53.0,76.8,75.3,74.2,88.70830465853214,0.13180361688137054,7865673,267811
2.9,0.0,0.0,0.0,0.0,0.0,0.0,0.0,0.0,50.0,30.0,12.8,55.3,50.0,0.0,1.2,0.0,0.0,0.0,0.0,0.0,0.0,0.0,0.0,0.0,0.0,0.0,0.0,51.0,78.6,73.7,75.6,88.77815888822079,0.13005591928958893,7871859,264073
2.0,0.0,0.0,0.0,0.0,0.0,0.0,0.0,0.0,48.0,32.2,13.6,42.4,53.2,0.0,2.4,0.0,0.0,0.0,1.0,0.0,0.0,0.0,0.0,0.0,0.0,0.0,0.0,53.1,79.4,73.7,77.3,88.5541640818119,0.13114017248153687,7852614,266368
1.0,0.0,0.0,0.0,0.0,0.0,0.0,0.0,0.0,48.5,33.3,10.3,43.0,50.0,0.0,7.0,0.0,0.0,0.0,0.0,0.0,0.0,0.0,0.0,0.0,0.0,0.0,0.0,47.3,75.8,74.5,74.2,88.9907593280077,0.13256199657917023,7890997,269313
2.0,0.0,0.0,0.0,0.0,0.0,0.0,0.0,0.0,45.7,34.8,15.6,45.5,53.2,0.0,2.4,0.0,0.0,0.0,1.0,0.0,0.0,0.0,0.0,0.0,0.0,0.0,0.0,52.9,76.7,75.0,76.4,88.46985214948654,0.13187181949615479,7845228,267934
1.0,0.0,0.0,0.0,0.0,0.0,0.0,0.0,0.0,48.5,34.4,19.8,44.3,51.9,0.0,9.4,0.0,0.0,0.0,1.0,0.0,0.0,0.0,0.0,0.0,0.0,0.0,0.0,50.5,78.9,75.5,76.7,88.35368046164513,0.1306031346321106,7834866,265216
2.0,0.0,0.0,0.0,0.0,0.0,0.0,0.0,0.0,48.0,30.7,15.6,48.0,57.3,0.0,4.7,0.0,0.0,0.0,0.0,0.0,1.0,0.0,0.0,0.0,0.0,0.0,0.0,51.0,77.1,73.9,75.8,88.55710388720036,0.13108889758586884,7852609,266273
0.0,0.0,0.0,0.0,0.0,0.0,0.0,0.0,0.0,47.0,27.7,15.6,51.0,55.6,0.0,1.2,0.0,0.0,0.0,1.0,0.0,0.0,0.0,0.0,0.0,0.0,0.0,0.0,51.0,76.1,77.1,77.3,88.19708594679832,0.13020825386047363,7821230,264538
2.0,0.0,0.0,0.0,0.0,0.0,0.0,0.0,0.0,50.5,29.3,15.4,49.5,56.0,0.0,3.6,0.0,0.0,0.0,0.0,0.0,0.0,0.0,0.0,0.0,0.0,0.0,0.0,52.9,76.0,75.0,75.9,88.5608484596014,0.13125386834144592,7853023,266650
0.0,0.0,0.0,0.0,0.0,0.0,0.0,0.0,0.0,50.0,29.3,16.9,53.9,55.6,0.0,2.4,0.0,0.0,0.0,0.0,0.0,0.0,0.0,0.0,0.0,0.0,0.0,0.0,53.1,75.8,74.0,76.4,88.68837185204029,0.1295383870601654,7864245,262974
0.0,0.0,0.0,0.0,0.0,0.0,0.0,0.0,0.0,48.0,33.3,15.7,42.6,52.6,0.0,1.2,0.0,0.0,0.0,0.0,0.0,2.0,0.0,0.0,0.0,0.0,0.0,0.0,49.5,78.3,75.5,75.0,88.33528627455235,0.12980671226978302,7833281,263685
2.0,0.0,0.0,0.0,0.0,0.0,0.0,0.0,0.0,52.4,24.7,12.5,53.1,56.6,0.0,6.0,0.0,0.0,0.0,1.0,0.0,0.0,0.0,0.0,0.0,0.0,0.0,0.0,46.2,79.4,74.2,71.8,88.4255649894476,0.1315327286720276,7840595,267168
1.0,0.0,0.0,0.0,0.0,0.0,0.0,0.0,0.0,46.9,37.4,13.6,46.4,60.0,0.0,3.6,0.0,0.0,0.0,1.0,0.0,0.0,0.0,0.0,0.0,0.0,0.0,0.0,47.3,76.9,74.7,78.3,88.35868521034718,0.12937724590301514,7835325,262766
1.0,0.0,0.0,0.0,0.0,0.0,0.0,0.0,0.0,48.5,28.2,13.8,46.6,47.8,0.0,1.2,0.0,0.0,0.0,0.0,0.0,0.0,0.0,0.0,0.0,0.0,0.0,0.0,51.0,76.9,76.1,74.7,88.67196151614189,0.1313209980726242,7863058,266743
0.0,0.0,0.0,0.0,0.0,0.0,0.0,0.0,0.0,48.0,29.5,14.6,42.9,53.2,0.0,3.6,0.0,0.0,0.0,0.0,0.0,0.0,0.0,0.0,0.0,0.0,0.0,0.0,53.1,75.5,75.5,79.3,88.64755053818226,0.13072271645069122,7860917,265473
2.0,0.0,0.0,1.0,0.0,0.0,0.0,0.0,0.0,50.5,26.5,14.8,55.0,48.7,0.0,3.6,0.0,0.0,0.0,1.0,0.0,0.0,0.0,0.0,0.0,0.0,1.0,0.0,53.0,77.4,75.5,76.1,88.16296315193176,0.12970490753650665,7817884,263373
2.0,0.0,0.0,0.0,0.0,0.0,0.0,0.0,0.0,48.0,28.0,14.8,50.5,63.2,0.0,0.0,0.0,0.0,0.0,0.0,0.0,0.0,0.0,0.0,0.0,0.0,0.0,0.0,51.0,73.1,75.8,75.9,88.84531985223293,0.13273873925209045,7877979,269678
2.9,0.0,0.0,0.0,0.0,0.0,0.0,0.0,0.0,47.4,36.6,15.7,53.0,50.0,0.0,4.7,0.0,0.0,0.0,0.0,0.0,0.0,0.0,0.0,0.0,0.0,0.0,0.0,54.9,83.0,74.7,77.8,88.39440476894379,0.1306450217962265,7838960,265271
2.0,0.0,0.0,0.0,0.0,0.0,0.0,0.0,0.0,48.0,31.0,9.5,50.5,58.8,0.0,0.0,0.0,0.0,0.0,0.0,0.0,0.0,0.0,0.0,0.0,0.0,0.0,0.0,53.9,83.8,77.3,78.1,88.8847045302391,0.13233691453933716,7882456,268826
2.9,0.0,0.0,1.0,0.0,0.0,0.0,1.0,0.0,48.0,28.0,16.7,51.5,55.0,0.0,5.8,0.0,0.0,0.0,0.0,0.0,0.0,0.0,0.0,0.0,0.0,0.0,0.0,53.1,75.3,76.0,75.0,88.67636315524578,0.13193222880363464,7863427,267926
2.0,0.0,0.0,1.0,0.0,0.0,0.0,1.0,0.0,46.9,35.7,16.5,56.4,59.8,0.0,4.7,0.0,0.0,0.0,0.0,0.0,0.0,0.0,0.0,0.0,0.0,0.0,0.0,53.5,78.9,77.3,75.0,89.60625450313091,0.13311201333999634,7945783,270222
3.8,0.0,0.0,1.0,0.0,0.0,0.0,0.0,0.0,47.5,32.1,18.5,53.8,56.1,0.0,5.8,0.0,0.0,0.0,0.0,0.0,0.0,0.0,0.0,0.0,0.0,0.0,0.0,58.2,89.6,77.5,78.0,88.55239297449589,0.13307100534439087,7853809,270356
3.8,0.0,0.0,0.0,0.0,0.0,0.0,0.0,0.0,51.5,33.3,16.9,57.9,64.4,0.0,0.0,0.0,0.0,0.0,0.0,0.0,0.0,0.0,0.0,0.0,0.0,0.0,0.0,53.1,84.8,79.6,78.0,89.44247327744961,0.13525480031967163,7932031,274726
5.7,0.0,0.0,0.0,0.0,0.0,0.0,0.0,0.0,48.0,33.3,17.8,59.0,54.7,0.0,2.3,0.0,0.0,0.0,0.0,0.0,0.0,0.0,0.0,0.0,0.0,0.0,0.0,56.2,90.1,77.3,76.8,88.77803291380405,0.13298054039478302,7873401,270113
0.0,0.0,0.0,0.0,0.0,0.0,0.0,1.0,0.0,45.2,41.8,11.6,55.8,56.4,0.0,2.4,0.0,0.0,0.0,0.0,0.0,0.0,0.0,0.0,0.0,0.0,0.0,0.0,52.5,86.6,76.5,77.2,88.83555215597153,0.13183940947055817,7878372,267803
1.0,0.0,0.0,1.0,0.0,0.0,0.0,0.0,0.0,46.9,31.2,11.6,49.0,50.0,0.0,2.4,0.0,0.0,0.0,0.0,0.0,0.0,0.0,0.0,0.0,0.0,0.0,0.0,50.0,76.0,74.0,76.9,88.27100324630737,0.13153576850891113,7827464,267262
2.0,0.0,0.0,0.0,0.0,0.0,0.0,0.0,0.0,51.9,29.3,17.8,52.0,50.0,0.0,2.4,0.0,0.0,0.0,0.0,0.0,0.0,0.0,1.0,0.0,0.0,0.0,0.0,52.6,76.8,76.5,73.9,88.81121423840523,0.1324589103460312,7874742,269059
3.8,0.0,0.0,0.0,0.0,0.0,0.0,0.0,0.0,51.0,27.1,8.2,52.5,57.8,1.0,6.0,0.0,0.0,0.0,0.0,0.0,0.0,0.0,1.0,0.0,0.0,0.0,0.0,49.5,77.9,79.0,73.0,89.11591838300228,0.13240934908390045,7901943,269009
1.0,0.0,0.0,0.0,0.0,0.0,0.0,0.0,0.0,46.9,28.6,16.5,54.3,57.6,0.0,8.0,0.0,0.0,0.0,0.0,0.0,0.0,0.0,1.0,0.0,0.0,0.0,0.0,57.3,77.3,74.5,78.0,88.31188245117664,0.13043710589408875,7831005,264848
1.0,0.0,0.0,1.0,0.0,0.0,0.0,0.0,0.0,48.5,29.8,13.8,53.0,54.2,0.0,3.6,0.0,0.0,0.0,0.0,0.0,0.0,0.0,1.0,0.0,0.0,1.0,0.0,54.9,79.6,74.0,75.6,88.03239583969116,0.12980735301971436,7806108,263538
4.8,1.0,0.0,2.0,0.0,0.0,0.0,0.0,0.0,48.0,29.9,17.6,52.9,59.1,0.0,2.4,1.0,1.0,0.0,1.0,0.0,1.0,0.0,0.0,0.0,0.0,0.0,0.0,50.0,77.2,76.3,75.6,88.54942755401134,0.13099347054958344,7852027,266059
3.9,0.0,0.0,0.0,1.0,0.0,0.0,0.0,0.0,45.8,26.4,15.7,55.9,57.3,0.0,2.4,0.0,0.0,0.0,0.0,0.0,0.0,0.0,0.0,0.0,0.0,0.0,0.0,51.0,77.6,72.0,76.7,88.65053844451904,0.13184361159801483,7860988,267841
2.0,0.0,0.0,0.0,0.0,0.0,0.0,0.0,0.0,49.0,23.4,20.2,57.7,59.8,0.0,1.2,0.0,0.0,0.0,0.0,0.0,0.0,0.0,0.0,0.0,0.0,0.0,0.0,52.5,77.6,76.0,75.6,88.61799849569798,0.13076020777225494,7857953,265503
2.9,0.0,0.0,0.0,0.0,0.0,0.0,0.0,0.0,46.4,30.9,16.5,50.0,53.7,0.0,1.2,0.0,0.0,0.0,0.0,0.0,0.0,0.0,0.0,0.0,0.0,0.0,0.0,50.0,79.6,77.8,76.9,87.87322887778282,0.12933816015720367,7792182,262665
1.0,0.0,0.0,0.0,0.0,0.0,0.0,0.0,0.0,46.9,31.2,12.6,48.5,59.1,0.0,3.5,1.0,0.0,0.0,0.0,0.0,0.0,0.0,0.0,0.0,0.0,1.0,0.0,51.0,77.2,75.0,76.1,88.37754465639591,0.13088694214820862,7836945,265924
7.5,0.0,0.0,0.0,0.0,0.0,0.0,0.0,0.0,50.5,38.0,16.3,50.0,58.5,0.0,7.2,0.0,0.0,0.0,0.0,1.0,0.0,0.0,0.0,0.0,0.0,0.0,0.0,52.5,80.6,75.3,76.3,88.45542977750301,0.1305040866136551,7843531,264981
3.9,0.0,0.0,0.0,1.0,0.0,0.0,0.0,0.0,49.5,26.3,16.3,55.1,64.0,0.0,7.1,0.0,0.0,0.0,0.0,0.0,0.0,0.0,0.0,0.0,0.0,0.0,0.0,51.0,76.5,77.6,77.0,88.98896031081676,0.13205474615097046,7890447,268310
2.0,0.0,0.0,0.0,1.0,0.0,0.0,0.0,0.0,46.9,23.3,14.0,53.1,54.8,0.0,1.2,0.0,0.0,0.0,0.0,0.0,0.0,0.0,0.0,0.0,0.0,0.0,0.0,51.0,80.2,74.3,76.7,87.89417228102684,0.1302262246608734,7794178,264512
0.0,0.0,0.0,0.0,0.0,0.0,0.0,0.0,0.0,42.2,38.0,15.4,52.9,56.3,0.0,8.1,0.0,0.0,0.0,0.0,2.0,0.0,0.0,0.0,0.0,0.0,0.0,0.0,54.5,93.9,76.8,77.4,88.16279900074005,0.13103334605693817,7819396,266099
1.0,0.0,1.0,0.0,0.0,0.0,0.0,0.0,0.0,48.5,27.6,17.6,55.1,52.5,0.0,16.5,0.0,0.0,0.0,0.0,0.0,0.0,0.0,0.0,0.0,0.0,0.0,0.0,54.0,89.8,75.8,75.6,88.62091018259525,0.13287395238876343,7859201,269974
2.9,0.0,1.0,0.0,1.0,0.0,0.0,0.0,0.0,53.2,40.4,17.6,45.7,55.6,0.0,1.2,0.0,0.0,0.0,0.0,0.0,0.0,0.0,0.0,0.0,0.0,0.0,0.0,48.4,77.6,73.7,76.6,88.62987150251865,0.13157537579536438,7859317,267208
2.9,0.0,0.0,0.0,0.0,0.0,0.0,0.0,0.0,48.0,35.6,15.7,45.5,57.3,0.0,1.2,0.0,0.0,0.0,0.0,0.0,0.0,0.0,0.0,0.0,0.0,0.0,0.0,55.8,78.8,74.7,78.0,88.55557091534138,0.13062548637390137,7852969,265248
4.8,0.0,0.0,0.0,0.0,0.0,0.0,0.0,0.0,46.3,40.7,11.8,44.6,61.4,0.0,0.0,0.0,0.0,1.0,0.0,0.0,0.0,0.0,0.0,0.0,0.0,0.0,0.0,52.6,76.9,72.2,76.4,88.66777254641056,0.13247019052505493,7862549,269110
0.0,0.0,0.0,0.0,0.0,0.0,0.0,0.0,0.0,49.5,28.7,15.6,48.4,53.2,0.0,8.9,0.0,0.0,0.0,0.0,0.0,0.0,0.0,0.0,0.0,0.0,0.0,0.0,53.0,74.7,75.0,77.6,88.7604411393404,0.13251160085201263,7870717,269229
1.0,0.0,0.0,0.0,0.0,0.0,0.0,0.0,0.0,51.0,30.6,15.7,55.4,57.8,0.0,2.4,0.0,0.0,0.0,0.0,0.0,0.0,0.0,0.0,0.0,0.0,0.0,0.0,53.5,77.7,77.5,78.3,88.65713110566139,0.12945452332496643,7861346,262818
6.6,0.0,0.0,0.0,0.0,0.0,0.0,0.0,0.0,52.4,35.6,16.7,50.5,64.9,0.0,4.7,0.0,0.0,0.0,0.0,0.0,0.0,0.0,0.0,0.0,0.0,0.0,0.0,55.3,75.6,76.3,75.3,89.291947722435,0.13295479118824005,7917612,270073
2.9,0.0,0.0,0.0,0.0,0.0,0.0,0.0,0.0,52.5,28.1,11.6,52.1,58.8,0.0,5.9,0.0,0.0,0.0,0.0,0.0,0.0,0.0,0.0,0.0,0.0,0.0,0.0,49.5,74.2,77.9,71.9,89.48669964075089,0.13344761729240417,7934416,271062
0.0,0.0,0.0,0.0,0.0,4.0,0.0,0.0,0.0,48.0,30.3,12.6,47.5,56.5,1.0,2.4,0.0,0.0,0.0,0.0,0.0,4.0,0.0,0.0,0.0,0.0,0.0,0.0,56.1,79.6,76.6,79.4,87.97071343660355,0.13015691936016083,7801300,264393
1.0,0.0,0.0,0.0,1.0,0.0,0.0,0.0,0.0,51.5,38.1,16.5,49.5,55.7,0.0,9.1,0.0,0.0,0.0,0.0,0.0,0.0,0.0,0.0,0.0,0.0,1.0,0.0,52.6,78.8,76.8,76.1,89.30807156860828,0.13399741053581238,7919269,272210
1.0,0.0,0.0,0.0,0.0,0.0,0.0,0.0,0.0,48.5,27.6,13.8,47.4,50.0,0.0,2.4,1.0,0.0,0.0,0.0,0.0,0.0,0.0,0.0,0.0,0.0,0.0,0.0,48.4,77.2,70.5,76.7,87.98871970176697,0.1296262890100479,7802624,263179
1.0,0.0,0.0,0.0,0.0,0.0,0.0,0.0,0.0,50.0,24.0,15.4,58.3,54.2,0.0,4.8,1.0,0.0,0.0,0.0,0.0,0.0,0.0,0.0,0.0,0.0,0.0,0.0,53.1,77.8,74.2,73.3,88.49610221385956,0.13151608407497406,7846972,267105
2.9,0.0,0.0,0.0,1.0,0.0,0.0,0.0,0.0,48.5,15.4,14.8,55.8,45.8,0.0,1.2,1.0,0.0,0.0,0.0,0.0,0.0,0.0,0.0,0.0,0.0,0.0,0.0,50.5,74.5,73.5,70.7,84.94330529123545,0.1258855164051056,7531812,255740
0.0,0.0,0.0,0.0,0.0,0.0,0.0,0.0,0.0,0.0,0.0,0.0,0.0,0.0,0.0,0.0,0.0,0.0,0.0,0.0,0.0,0.0,0.0,0.0,0.0,0.0,0.0,0.0,0.0,0.0,0.0,0.0,1.6920268535614014e-05,1.882016658782959e-05,25,20
0.0,0.0,0.0,0.0,0.0,0.0,0.0,0.0,0.0,0.0,0.0,0.0,0.0,0.0,0.0,0.0,0.0,0.0,0.0,0.0,0.0,0.0,0.0,0.0,0.0,0.0,0.0,0.0,0.0,0.0,0.0,0.0,7.301568984985352e-07,7.301568984985352e-07,1,1
0.0,0.0,0.0,0.0,0.0,0.0,0.0,0.0,0.0,0.0,0.0,0.0,0.0,0.0,0.0,0.0,0.0,0.0,0.0,0.0,0.0,0.0,0.0,0.0,0.0,0.0,0.0,0.0,0.0,0.0,0.0,0.0,7.301568984985352e-07,7.301568984985352e-07,1,1
0.0,0.0,0.0,0.0,0.0,0.0,0.0,0.0,0.0,0.0,0.0,0.0,0.0,0.0,0.0,0.0,0.0,0.0,0.0,0.0,0.0,0.0,0.0,0.0,0.0,0.0,0.0,0.0,0.0,0.0,0.0,0.0,7.301568984985352e-07,7.301568984985352e-07,1,1
