0.0,0.0,0.0,0.0,0.0,0.0,0.0,0.0,0.0,0.0,0.0,0.0,0.0,0.0,0.0,0.0,0.0,0.0,0.0,0.0,0.0,0.0,0.0,0.0,0.0,0.0,0.0,0.0,0.0,0.0,0.0,0.0,5.556643009185791e-05,0.038341328501701355,113,3399
16.2,0.0,0.0,0.0,0.0,0.0,0.0,0.0,0.0,0.0,0.0,0.0,68.6,90.7,85.2,90.7,0.0,0.0,0.0,0.0,0.0,0.0,0.0,0.0,0.0,1.0,0.0,0.0,68.1,89.9,85.0,89.6,0.13267840445041656,88.76642763614655,269447,7872044
16.1,0.0,0.0,0.0,0.0,0.0,0.0,0.0,0.0,0.0,0.0,0.0,67.7,90.4,86.8,91.7,0.0,0.0,0.0,0.0,0.0,0.0,0.0,0.0,0.0,0.0,0.0,0.0,68.8,88.4,86.0,89.4,0.1321253925561905,88.73665694892406,268401,7869411
14.7,0.0,0.0,1.0,0.0,0.0,0.0,1.0,0.0,0.0,0.0,0.0,68.9,92.4,89.6,90.7,0.0,0.0,0.0,0.0,0.0,0.0,0.0,0.0,0.0,0.0,0.0,0.0,66.7,90.2,88.9,91.1,0.13304808735847473,89.60170164704323,270262,7945470
13.2,0.0,0.0,0.0,0.0,1.0,0.0,0.0,0.0,0.0,0.0,0.0,67.0,89.9,86.8,89.6,0.0,0.0,0.0,0.0,0.0,0.0,0.0,0.0,0.0,0.0,0.0,0.0,67.4,88.3,86.9,90.5,0.1304170936346054,88.81890253722668,264829,7876427
13.2,0.0,0.0,0.0,0.0,0.0,0.0,0.0,0.0,0.0,0.0,0.0,67.0,90.6,86.7,89.7,1.0,0.0,0.0,0.0,0.0,0.0,0.0,0.0,0.0,0.0,0.0,0.0,68.0,88.5,85.4,89.6,0.13019169867038727,87.90151333808899,264467,7795876
16.9,0.0,0.0,0.0,0.0,1.0,0.0,0.0,0.0,0.0,0.0,0.0,65.6,92.2,86.0,91.5,0.0,0.0,0.0,0.0,0.0,0.0,0.0,0.0,0.0,0.0,0.0,0.0,68.8,89.9,84.5,89.9,0.13233378529548645,88.84530344605446,268808,7878326
12.4,0.0,0.0,0.0,0.0,0.0,0.0,0.0,0.0,0.0,0.0,0.0,68.5,89.1,84.0,89.6,0.0,0.0,0.0,0.0,0.0,0.0,1.0,0.0,0.0,0.0,0.0,0.0,67.0,87.9,84.5,89.9,0.1289047747850418,87.75474981963634,261821,7781735
13.9,0.0,0.0,0.0,0.0,1.0,0.0,0.0,0.0,0.0,0.0,0.0,67.3,88.1,85.5,90.5,0.0,0.0,0.0,0.0,0.0,0.0,0.0,0.0,0.0,0.0,0.0,0.0,68.0,88.4,86.1,90.0,0.1304842084646225,88.10514540970325,265125,7812701
7.5,0.0,0.0,0.0,0.0,1.0,0.0,0.0,0.0,0.0,0.0,0.0,67.4,88.1,87.0,89.4,0.0,0.0,0.0,0.0,0.0,0.0,0.0,0.0,0.0,0.0,0.0,0.0,67.7,88.1,87.2,89.6,0.13216084241867065,88.92035560309887,268496,7884279
16.8,0.0,0.0,0.0,0.0,0.0,0.0,0.0,0.0,0.0,0.0,0.0,67.6,90.8,84.3,90.7,0.0,0.0,0.0,0.0,0.0,0.0,0.0,0.0,0.0,0.0,0.0,0.0,69.0,88.3,84.0,89.8,0.12971536815166473,88.40089286863804,263405,7838597
14.0,0.0,0.0,0.0,0.0,0.0,0.0,0.0,0.0,0.0,0.0,0.0,67.3,88.1,86.0,89.7,0.0,0.0,0.0,0.0,0.0,0.0,0.0,0.0,0.0,0.0,0.0,0.0,68.7,88.0,85.6,89.6,0.13151979446411133,88.45215660333633,267148,7843572
5.7,0.0,0.0,0.0,0.0,1.0,0.0,0.0,0.0,0.0,0.0,0.0,67.0,88.7,87.6,91.3,0.0,0.0,0.0,0.0,0.0,0.0,0.0,0.0,0.0,0.0,0.0,0.0,67.7,88.7,85.7,89.7,0.1320198029279709,88.49990910291672,268217,7847576
3.8,0.0,0.0,0.0,0.0,1.0,0.0,0.0,0.0,0.0,0.0,0.0,65.7,88.8,85.6,89.8,0.0,0.0,0.0,0.0,0.0,0.0,0.0,0.0,0.0,0.0,0.0,0.0,67.0,87.8,87.5,88.8,0.1314365714788437,88.34484022855759,267033,7834316
4.8,0.0,0.0,0.0,0.0,0.0,0.0,0.0,0.0,0.0,0.0,0.0,69.4,89.7,87.7,90.6,0.0,0.0,0.0,0.0,0.0,0.0,0.0,0.0,0.0,0.0,0.0,0.0,67.7,86.8,85.6,89.8,0.13135097920894623,88.53801746666431,266715,7850881
19.0,0.0,0.0,0.0,0.0,0.0,0.0,0.0,0.0,0.0,0.0,0.0,66.0,88.9,86.9,90.8,0.0,0.0,0.0,0.0,0.0,0.0,0.0,0.0,0.0,0.0,0.0,0.0,67.3,89.1,86.6,88.8,0.1308329850435257,88.2081271559,265793,7821909
16.1,0.0,0.0,0.0,0.0,1.0,0.0,0.0,0.0,0.0,0.0,0.0,64.7,88.3,86.0,88.7,0.0,0.0,0.0,0.0,0.0,0.0,0.0,0.0,0.0,0.0,0.0,0.0,65.3,87.6,86.5,89.1,0.13085676729679108,88.13277126848698,265869,7815381
16.9,0.0,0.0,0.0,0.0,0.0,0.0,0.0,0.0,0.0,0.0,0.0,64.4,89.5,87.0,89.3,0.0,0.0,0.0,0.0,1.0,0.0,1.0,0.0,0.0,0.0,0.0,0.0,65.6,87.2,86.5,89.8,0.13002000749111176,88.35877233743668,264065,7835076
19.5,0.0,0.0,0.0,0.0,1.0,0.0,0.0,0.0,0.0,0.0,0.0,66.3,88.7,85.8,89.5,0.0,0.0,0.0,0.0,0.0,0.0,0.0,0.0,0.0,0.0,0.0,0.0,65.9,88.3,85.9,88.8,0.12961481511592865,88.44795173406601,263159,7842996
7.5,0.0,0.0,0.0,0.0,1.0,0.0,0.0,0.0,0.0,0.0,0.0,67.0,89.3,84.8,89.9,0.0,0.0,0.0,0.0,0.0,0.0,0.0,0.0,0.0,0.0,0.0,0.0,67.3,89.0,85.3,90.0,0.13098159432411194,88.28622287511826,266088,7828876
10.8,0.0,0.0,0.0,0.0,0.0,0.0,0.0,0.0,0.0,0.0,0.0,66.3,88.5,85.6,90.6,0.0,0.0,0.0,0.0,0.0,0.0,0.0,0.0,0.0,0.0,0.0,0.0,67.0,87.5,84.0,89.9,0.13065005838871002,88.17613068223,265355,7818442
17.5,0.0,0.0,0.0,0.0,0.0,0.0,0.0,0.0,0.0,0.0,0.0,66.1,89.6,87.6,89.7,0.0,0.0,0.0,0.0,0.0,0.0,1.0,0.0,0.0,0.0,0.0,0.0,65.6,88.3,86.7,88.5,0.12958335876464844,88.24323303997517,263206,7825317
10.8,0.0,0.0,0.0,1.0,1.0,0.0,0.0,0.0,0.0,0.0,0.0,67.6,88.3,86.9,89.5,0.0,0.0,0.0,0.0,0.0,0.0,0.0,0.0,0.0,0.0,0.0,0.0,67.7,88.3,86.2,89.6,0.13229575753211975,88.79667660593987,268736,7874050
10.0,0.0,0.0,0.0,0.0,0.0,0.0,0.0,0.0,0.0,0.0,0.0,66.7,88.3,84.2,90.3,0.0,0.0,0.0,0.0,0.0,0.0,0.0,0.0,0.0,0.0,0.0,0.0,68.5,87.4,82.6,88.0,0.13028573989868164,88.23470304906368,264538,7824343
10.0,0.0,0.0,0.0,0.0,0.0,0.0,0.0,0.0,0.0,0.0,0.0,65.3,87.6,83.2,88.8,0.0,0.0,0.0,0.0,0.0,0.0,0.0,0.0,0.0,0.0,0.0,0.0,66.0,87.8,84.2,88.5,0.13073661923408508,88.3997258991003,265514,7838683
4.9,0.0,0.0,0.0,0.0,0.0,0.0,0.0,0.0,0.0,0.0,0.0,66.7,88.2,85.4,88.6,1.0,0.0,0.0,0.0,0.0,0.0,0.0,0.0,0.0,0.0,0.0,0.0,69.0,86.8,84.1,87.4,0.13172508776187897,88.312151953578,267595,7830855
15.4,0.0,0.0,0.0,0.0,1.0,0.0,0.0,0.0,0.0,0.0,0.0,66.7,88.2,83.3,87.5,0.0,0.0,0.0,0.0,0.0,0.0,0.0,0.0,0.0,0.0,0.0,0.0,70.5,88.4,83.5,87.6,0.1304212212562561,87.89602781832218,264830,7795129
11.6,0.0,0.0,0.0,0.0,0.0,0.0,0.0,0.0,0.0,0.0,0.0,65.7,88.2,87.6,88.8,0.0,0.0,0.0,0.0,0.0,0.0,0.0,0.0,0.0,0.0,0.0,0.0,66.0,88.0,86.7,87.4,0.13294246792793274,89.03599324822426,270068,7895530
10.0,0.0,0.0,0.0,0.0,0.0,0.0,0.0,0.0,1.0,0.0,0.0,69.4,88.8,86.4,88.1,0.0,0.0,0.0,0.0,0.0,0.0,0.0,0.0,0.0,0.0,0.0,0.0,70.3,87.6,85.9,87.8,0.13228842616081238,88.80873988568783,268582,7874859
10.0,0.0,0.0,0.0,0.0,0.0,0.0,0.0,0.0,0.0,0.0,0.0,66.7,89.6,87.5,89.5,0.0,0.0,0.0,0.0,0.0,0.0,0.0,0.0,0.0,0.0,0.0,0.0,67.4,88.5,86.3,87.6,0.13335950672626495,89.02545672655106,270793,7894796
10.0,0.0,0.0,0.0,0.0,0.0,0.0,0.0,0.0,0.0,0.0,0.0,67.6,90.3,87.6,88.8,0.0,0.0,0.0,0.0,0.0,0.0,0.0,1.0,0.0,0.0,0.0,0.0,66.7,88.2,87.2,87.2,0.13322687149047852,88.67673233151436,270632,7864794
6.6,0.0,0.0,0.0,0.0,0.0,0.0,0.0,0.0,0.0,0.0,0.0,70.0,91.5,88.8,88.9,0.0,0.0,0.0,0.0,0.0,0.0,0.0,1.0,0.0,0.0,0.0,0.0,68.0,88.9,87.1,88.6,0.13559381663799286,89.51596450805664,275467,7938132
5.7,0.0,0.0,0.0,0.0,1.0,0.0,0.0,0.0,0.0,0.0,0.0,68.6,90.6,84.0,88.2,0.0,0.0,0.0,0.0,0.0,0.0,0.0,0.0,0.0,0.0,0.0,0.0,66.7,88.3,85.7,88.0,0.13217104971408844,88.31050612032413,268429,7832261
3.9,0.0,0.0,0.0,0.0,0.0,0.0,1.0,0.0,0.0,0.0,0.0,64.7,89.3,88.0,88.9,0.0,0.0,0.0,0.0,0.0,0.0,0.0,0.0,0.0,0.0,0.0,0.0,63.3,88.5,86.7,88.3,0.13082964718341827,88.24525454640388,265779,7826070
10.8,0.0,0.0,0.0,0.0,0.0,0.0,0.0,0.0,0.0,0.0,0.0,67.3,89.0,87.0,89.4,0.0,0.0,0.0,0.0,0.0,0.0,0.0,1.0,0.0,0.0,0.0,0.0,68.7,88.9,85.4,89.2,0.13294677436351776,88.70327983796597,270137,7865599
7.5,0.0,0.0,0.0,0.0,0.0,0.0,0.0,0.0,0.0,0.0,0.0,67.6,89.3,87.5,90.1,0.0,0.0,0.0,0.0,0.0,0.0,0.0,1.0,0.0,0.0,0.0,0.0,66.7,87.4,85.6,87.8,0.1320655792951584,88.72368004918098,268253,7867046
10.8,0.0,0.0,0.0,0.0,1.0,0.0,0.0,0.0,1.0,0.0,0.0,67.0,89.7,87.3,89.7,0.0,0.0,0.0,0.0,0.0,0.0,0.0,0.0,0.0,0.0,1.0,0.0,67.4,88.0,86.3,88.0,0.13249856233596802,88.78940258920193,269168,7872811
10.8,0.0,0.0,0.0,0.0,0.0,0.0,0.0,0.0,0.0,0.0,0.0,65.7,88.1,84.1,89.3,0.0,0.0,0.0,0.0,0.0,0.0,0.0,1.0,0.0,1.0,0.0,0.0,67.4,87.2,82.8,88.5,0.13027004897594452,88.14227506518364,264479,7816070
8.3,0.0,0.0,0.0,0.0,0.0,0.0,0.0,0.0,0.0,0.0,0.0,68.5,88.0,83.0,89.3,0.0,0.0,0.0,0.0,0.0,0.0,0.0,0.0,0.0,0.0,0.0,0.0,68.4,87.1,82.8,88.3,0.12950536608695984,87.5893088132143,262958,7766933
8.3,0.0,0.0,0.0,0.0,0.0,0.0,0.0,0.0,0.0,0.0,0.0,64.4,89.3,85.7,89.0,0.0,0.0,0.0,0.0,0.0,0.0,0.0,0.0,0.0,0.0,0.0,0.0,66.7,87.6,85.6,87.8,0.13079042732715607,88.26252026855946,265653,7826453
13.9,0.0,0.0,0.0,0.0,0.0,0.0,0.0,0.0,0.0,0.0,0.0,67.0,89.7,87.6,90.5,0.0,0.0,0.0,0.0,0.0,0.0,0.0,0.0,0.0,0.0,0.0,0.0,68.4,88.0,86.3,88.2,0.13238008320331573,88.85439664125443,268907,7879012
8.4,1.0,0.0,0.0,0.0,0.0,0.0,0.0,0.0,0.0,0.0,0.0,68.5,88.7,86.7,89.5,0.0,0.0,0.0,0.0,0.0,0.0,0.0,0.0,0.0,0.0,0.0,0.0,68.0,88.0,85.7,89.4,0.13072222471237183,88.28944604098797,265426,7828911
5.7,0.0,0.0,0.0,0.0,0.0,0.0,0.0,0.0,0.0,0.0,0.0,66.3,89.8,86.0,89.5,0.0,0.0,0.0,0.0,0.0,0.0,0.0,0.0,0.0,0.0,0.0,0.0,65.2,88.8,85.9,88.8,0.12961481511592865,87.80934496223927,263239,7786481
6.5,0.0,0.0,0.0,0.0,0.0,0.0,0.0,0.0,0.0,0.0,0.0,65.0,88.8,84.1,88.3,0.0,0.0,0.0,0.0,0.0,0.0,0.0,0.0,0.0,0.0,0.0,0.0,67.3,87.8,85.1,88.3,0.1300092190504074,87.95457790791988,264119,7799575
4.8,0.0,0.0,0.0,0.0,0.0,0.0,0.0,0.0,0.0,0.0,0.0,66.7,89.4,86.4,90.8,0.0,0.0,0.0,0.0,1.0,0.0,0.0,0.0,0.0,0.0,0.0,0.0,67.7,88.3,85.6,88.9,0.13079020380973816,88.42915806174278,265610,7841014
3.9,0.0,0.0,0.0,1.0,0.0,0.0,0.0,0.0,0.0,0.0,0.0,69.8,90.3,86.7,90.1,0.0,0.0,0.0,0.0,0.0,0.0,0.0,0.0,0.0,0.0,0.0,0.0,68.8,89.1,85.3,89.7,0.13225862383842468,88.72236843407154,268719,7867000
7.5,0.0,0.0,0.0,0.0,0.0,0.0,0.0,0.0,0.0,0.0,0.0,65.6,88.6,85.3,89.3,0.0,0.0,0.0,0.0,1.0,0.0,0.0,0.0,0.0,0.0,0.0,0.0,67.4,87.9,83.3,88.5,0.13001683354377747,87.67392756044865,264050,7775121
9.9,0.0,0.0,0.0,0.0,0.0,0.0,0.0,0.0,0.0,0.0,0.0,64.2,91.3,85.7,90.4,0.0,0.0,0.0,0.0,0.0,0.0,0.0,0.0,0.0,0.0,0.0,0.0,65.9,88.5,85.4,89.7,0.13228873908519745,88.52968460321426,268703,7851584
11.6,0.0,0.0,0.0,0.0,0.0,0.0,0.0,0.0,0.0,0.0,0.0,65.3,91.6,84.0,89.8,0.0,0.0,0.0,0.0,1.0,0.0,0.0,0.0,0.0,0.0,0.0,0.0,67.7,88.7,84.0,88.7,0.13222524523735046,88.259820073843,268642,7827082
10.8,0.0,0.0,0.0,0.0,0.0,0.0,0.0,0.0,0.0,0.0,0.0,66.0,88.1,85.4,89.6,0.0,0.0,0.0,0.0,0.0,0.0,0.0,0.0,0.0,0.0,0.0,0.0,66.3,88.4,84.8,89.6,0.13160230219364166,88.50827687978745,267235,7848408
10.0,0.0,0.0,0.0,1.0,0.0,0.0,0.0,0.0,0.0,0.0,0.0,67.3,89.2,86.9,89.7,0.0,0.0,0.0,0.0,0.0,0.0,0.0,0.0,0.0,0.0,0.0,0.0,67.0,87.5,86.3,89.1,0.13147281110286713,88.47909405827522,266981,7846190
8.3,0.0,0.0,0.0,0.0,0.0,0.0,0.0,0.0,0.0,0.0,0.0,64.3,89.9,86.0,87.6,0.0,0.0,0.0,0.0,0.0,0.0,0.0,0.0,0.0,0.0,0.0,0.0,64.5,87.9,86.1,88.3,0.13120152056217194,88.1788714826107,266557,7819474
8.3,0.0,0.0,0.0,0.0,0.0,0.0,0.0,0.0,0.0,0.0,0.0,68.4,88.8,84.8,89.6,0.0,0.0,0.0,0.0,1.0,0.0,0.0,0.0,0.0,0.0,0.0,0.0,68.4,87.2,84.5,89.8,0.13181032240390778,88.29278269410133,267763,7829130
4.8,0.0,0.0,0.0,0.0,0.0,0.0,0.0,0.0,0.0,0.0,0.0,65.7,90.2,87.3,89.2,0.0,0.0,0.0,0.0,0.0,0.0,0.0,0.0,0.0,0.0,0.0,0.0,67.0,89.0,87.0,89.6,0.13061770796775818,88.96074976027012,265204,7888281
7.5,0.0,0.0,0.0,0.0,0.0,0.0,0.0,0.0,0.0,0.0,0.0,68.7,89.1,86.9,90.5,0.0,0.0,0.0,0.0,0.0,0.0,0.0,0.0,0.0,0.0,0.0,0.0,69.4,88.9,85.6,89.1,0.13327032327651978,89.20771926641464,270714,7910052
10.0,0.0,0.0,0.0,0.0,0.0,0.0,0.0,0.0,0.0,0.0,0.0,68.9,90.7,86.8,91.5,7.9,0.0,0.0,0.0,0.0,0.0,0.0,0.0,0.0,0.0,0.0,0.0,68.4,89.1,85.1,89.5,0.13251394033432007,88.75787460803986,269180,7869788
16.1,0.0,0.0,0.0,0.0,0.0,0.0,0.0,0.0,0.0,0.0,0.0,66.7,89.8,87.6,89.0,0.0,0.0,0.0,0.0,0.0,0.0,0.0,0.0,0.0,0.0,0.0,0.0,66.7,87.8,87.6,88.9,0.1320117563009262,88.62537871301174,268175,7859279
15.5,0.0,0.0,0.0,0.0,1.0,0.0,0.0,0.0,0.0,0.0,0.0,66.0,89.7,87.7,89.8,0.0,0.0,0.0,0.0,0.0,0.0,0.0,0.0,0.0,0.0,0.0,0.0,68.1,88.4,86.6,90.0,0.1334061473608017,89.08849459886551,270925,7899768
17.5,0.0,0.0,0.0,0.0,0.0,0.0,0.0,0.0,0.0,0.0,0.0,66.0,86.6,81.3,88.1,0.0,0.0,0.0,0.0,0.0,0.0,0.0,0.0,0.0,0.0,0.0,0.0,65.6,87.9,81.8,88.0,0.1295151263475418,87.54626719653606,262985,7763491
8.3,0.0,0.0,0.0,0.0,0.0,0.0,0.0,0.0,0.0,0.0,0.0,66.0,89.6,86.9,91.6,0.0,0.0,0.0,0.0,0.0,0.0,0.0,0.0,0.0,0.0,0.0,0.0,66.7,87.8,85.3,88.9,0.13072796165943146,88.1540911346674,265535,7816513
2.9,0.0,0.0,0.0,0.0,0.0,0.0,0.0,0.0,0.0,0.0,0.0,50.0,67.0,62.5,66.0,0.0,0.0,0.0,0.0,0.0,0.0,0.0,0.0,0.0,0.0,0.0,0.0,49.5,63.9,60.4,63.2,0.09497039020061493,63.807101756334305,192912,5657713
0.0,0.0,0.0,0.0,0.0,1.0,0.0,0.0,0.0,0.0,0.0,0.0,0.0,0.0,0.0,0.0,0.0,0.0,0.0,0.0,0.0,0.0,0.0,0.0,0.0,0.0,0.0,0.0,0.0,0.0,0.0,0.0,7.301568984985352e-07,7.301568984985352e-07,1,1
0.0,0.0,0.0,0.0,0.0,0.0,0.0,0.0,0.0,0.0,0.0,0.0,0.0,0.0,0.0,0.0,0.0,0.0,0.0,0.0,0.0,0.0,0.0,0.0,0.0,0.0,0.0,0.0,0.0,0.0,0.0,0.0,7.301568984985352e-07,7.301568984985352e-07,1,1
0.0,0.0,0.0,0.0,0.0,0.0,0.0,0.0,0.0,0.0,0.0,0.0,0.0,0.0,0.0,0.0,0.0,0.0,0.0,0.0,0.0,0.0,0.0,0.0,0.0,0.0,0.0,0.0,0.0,0.0,0.0,0.0,7.301568984985352e-07,7.301568984985352e-07,1,1
0.0,0.0,0.0,0.0,0.0,0.0,0.0,0.0,0.0,0.0,0.0,0.0,0.0,0.0,0.0,0.0,0.0,0.0,0.0,0.0,0.0,0.0,0.0,0.0,0.0,0.0,0.0,0.0,0.0,0.0,0.0,0.0,7.301568984985352e-07,7.301568984985352e-07,1,1
