0.0,0.0,0.0,0.0,0.0,0.0,0.0,0.0,0.0,0.0,0.0,0.0,0.0,0.0,0.0,0.0,0.0,0.0,0.0,0.0,0.0,0.0,0.0,0.0,0.0,0.0,0.0,0.0,0.0,0.0,0.0,0.0,5.4582953453063965e-05,0.03420150279998779,111,3032
10.8,0.0,0.0,0.0,1.0,0.0,0.0,0.0,0.0,0.0,0.0,0.0,96.1,96.1,95.7,95.9,0.0,0.0,0.0,0.0,0.0,0.0,0.0,0.0,0.0,0.0,0.0,0.0,87.8,87.5,86.6,87.0,0.14674293994903564,91.42288874089718,298136,8104839
10.9,0.0,0.0,0.0,0.0,0.0,0.0,0.0,0.0,0.0,0.0,0.0,96.1,96.7,94.0,95.8,1.0,0.0,0.0,0.0,0.0,0.0,0.0,0.0,0.0,0.0,0.0,0.0,88.3,88.3,86.0,89.2,0.14702226221561432,91.51933261752129,298707,8113338
12.4,0.0,0.0,1.0,1.0,0.0,1.0,0.0,0.0,0.0,0.0,0.0,97.8,96.2,93.4,95.9,0.0,0.0,0.0,0.0,0.0,0.0,0.0,0.0,0.0,0.0,0.0,0.0,87.8,88.7,86.9,87.9,0.14608807861804962,91.51986183226109,296761,8113357
13.3,0.0,0.0,0.0,0.0,0.0,0.0,0.0,0.0,0.0,0.0,0.0,97.0,97.4,94.8,96.2,1.0,0.0,0.0,0.0,0.0,0.0,0.0,0.0,0.0,0.0,0.0,0.0,87.2,87.2,86.3,88.0,0.14635387063026428,91.51951095461845,297376,8113338
13.3,1.0,0.0,0.0,1.0,0.0,0.0,0.0,0.0,0.0,0.0,0.0,96.4,96.6,94.6,95.9,0.0,0.0,0.0,0.0,0.0,0.0,1.0,0.0,0.0,0.0,0.0,0.0,87.9,88.2,87.0,87.6,0.14658282697200775,91.5030064880848,297820,8111889
8.4,0.0,0.0,0.0,0.0,0.0,0.0,0.0,0.0,0.0,0.0,0.0,96.1,96.9,94.8,95.8,0.0,0.0,0.0,0.0,0.0,0.0,0.0,0.0,0.0,0.0,0.0,0.0,86.8,87.5,87.4,87.5,0.14663873612880707,91.52362789213657,297927,8113729
13.9,0.0,0.0,0.0,0.0,0.0,0.0,0.0,0.0,0.0,0.0,0.0,96.1,96.2,94.9,95.8,0.0,0.0,0.0,0.0,0.0,0.0,0.0,0.0,0.0,0.0,0.0,0.0,87.9,87.0,85.9,88.3,0.14591696858406067,91.49321363866329,296454,8111035
9.2,0.0,0.0,0.0,0.0,0.0,0.0,0.0,0.0,0.0,0.0,0.0,95.7,97.9,93.9,96.0,1.0,0.0,0.0,0.0,0.0,0.0,1.0,0.0,0.0,0.0,0.0,0.0,86.8,88.2,86.0,88.2,0.14585618674755096,91.5126730799675,296339,8112800
10.8,0.0,0.0,0.0,1.0,0.0,0.0,0.0,0.0,0.0,0.0,0.0,96.2,96.8,95.0,96.5,1.0,0.0,0.0,0.0,0.0,0.0,0.0,0.0,0.0,0.0,0.0,0.0,86.0,86.8,85.6,88.4,0.14634335041046143,91.52615922689438,297374,8113920
11.6,0.0,0.0,0.0,0.0,0.0,0.0,0.0,0.0,0.0,0.0,0.0,97.3,96.2,96.5,97.7,0.0,0.0,0.0,0.0,0.0,0.0,0.0,0.0,0.0,0.0,0.0,0.0,87.5,87.8,87.6,87.4,0.14642000198364258,91.52641317248344,297522,8113998
10.0,0.0,0.0,0.0,0.0,0.0,0.0,0.0,0.0,0.0,0.0,0.0,96.2,96.2,95.7,96.2,0.0,0.0,0.0,0.0,0.0,0.0,0.0,0.0,0.0,0.0,0.0,0.0,86.7,87.2,87.1,88.5,0.14559222757816315,91.50004613399506,295875,8111704
10.8,0.0,0.0,0.0,1.0,0.0,0.0,0.0,0.0,0.0,0.0,0.0,96.1,96.1,95.7,96.2,0.0,0.0,0.0,0.0,0.0,0.0,0.0,0.0,0.0,0.0,0.0,0.0,87.0,87.2,86.3,88.5,0.14558780193328857,91.51308919489384,295806,8112753
13.9,0.0,0.0,0.0,0.0,0.0,0.0,0.0,0.0,0.0,0.0,0.0,95.9,97.3,95.3,96.6,0.0,0.0,1.0,0.0,1.0,0.0,0.0,0.0,0.0,0.0,0.0,0.0,88.4,88.4,86.3,87.6,0.14616142213344574,91.52345652878284,296893,8113749
16.8,0.0,0.0,0.0,0.0,0.0,0.0,0.0,0.0,0.0,0.0,0.0,96.8,96.2,92.5,96.7,0.0,0.0,0.0,0.0,0.0,0.0,1.0,0.0,0.0,0.0,0.0,0.0,87.4,87.8,85.9,88.3,0.1462947130203247,91.5138892531395,297246,8112960
12.4,0.0,0.0,0.0,1.0,0.0,0.0,0.0,0.0,0.0,0.0,0.0,96.9,95.8,95.9,97.1,0.0,0.0,0.0,1.0,0.0,0.0,0.0,0.0,0.0,0.0,0.0,0.0,86.8,87.4,87.1,87.6,0.1467921882867813,91.51135487854481,298297,8112597
13.0,1.0,1.0,0.0,0.0,0.0,0.0,0.0,0.0,0.0,0.0,0.0,96.9,97.4,94.9,96.3,0.0,0.0,0.0,0.0,0.0,0.0,0.0,0.0,0.0,0.0,0.0,0.0,87.1,87.8,86.8,86.8,0.14692378044128418,91.52238315343857,298534,8113640
16.1,0.0,0.0,0.0,1.0,0.0,0.0,0.0,0.0,0.0,0.0,0.0,96.1,96.2,93.7,96.6,0.0,0.0,2.0,0.0,0.0,0.0,0.0,0.0,0.0,0.0,0.0,0.0,87.0,87.4,86.0,88.4,0.1467444747686386,91.50031243264675,298193,8111915
10.8,0.0,2.0,1.0,0.0,0.0,0.0,0.0,0.0,0.0,0.0,0.0,96.3,97.3,93.7,96.2,0.0,0.0,0.0,0.0,0.0,0.0,1.0,0.0,0.0,0.0,0.0,0.0,87.2,88.0,85.7,88.3,0.1466664969921112,91.45986625552177,297994,8108226
10.0,0.0,0.0,0.0,1.0,0.0,0.0,0.0,0.0,0.0,0.0,0.0,96.1,96.0,95.9,95.8,0.0,0.0,1.0,0.0,0.0,0.0,0.0,0.0,0.0,0.0,0.0,0.0,87.5,87.4,86.8,88.2,0.14597587287425995,91.52239610254765,296601,8113621
11.6,0.0,0.0,0.0,0.0,0.0,0.0,0.0,0.0,0.0,0.0,0.0,96.2,95.9,96.2,95.9,0.0,0.0,0.0,0.0,0.0,0.0,0.0,0.0,0.0,0.0,0.0,0.0,87.4,87.0,86.7,87.0,0.14659717679023743,91.53124706447124,297868,8114395
10.8,0.0,0.0,0.0,1.0,0.0,0.0,0.0,0.0,0.0,0.0,0.0,95.9,97.8,96.3,95.7,0.0,0.0,0.0,0.0,0.0,0.0,0.0,0.0,0.0,0.0,0.0,0.0,87.4,87.1,87.4,87.8,0.14666886627674103,91.52254702150822,298025,8113633
11.5,0.0,0.0,0.0,0.0,1.0,0.0,0.0,0.0,0.0,0.0,0.0,96.2,96.1,94.0,96.1,0.0,0.0,0.0,1.0,0.0,0.0,0.0,0.0,0.0,0.0,0.0,0.0,87.5,88.7,86.0,88.0,0.14662136137485504,91.54080140590668,297903,8115228
13.9,0.0,0.0,0.0,0.0,0.0,0.0,0.0,0.0,0.0,0.0,0.0,96.2,96.9,95.9,97.1,0.0,0.0,0.0,0.0,0.0,0.0,0.0,0.0,0.0,0.0,0.0,0.0,88.0,86.8,86.3,87.1,0.14595462381839752,91.53127346932888,296545,8114403
10.8,0.0,0.0,0.0,0.0,0.0,0.0,0.0,0.0,0.0,0.0,0.0,96.1,97.4,93.7,96.2,0.0,0.0,0.0,0.0,0.0,0.0,1.0,0.0,0.0,0.0,0.0,0.0,85.6,87.1,86.3,88.3,0.1459079086780548,91.5292606651783,296498,8114326
14.7,0.0,0.0,0.0,1.0,0.0,0.0,0.0,0.0,0.0,0.0,0.0,95.9,96.7,94.0,95.8,0.0,0.0,0.0,0.0,0.0,0.0,0.0,0.0,0.0,0.0,0.0,0.0,86.5,88.3,85.4,88.2,0.14609627425670624,91.50133535265923,296823,8112014
11.6,0.0,0.0,1.0,0.0,0.0,0.0,0.0,0.0,0.0,0.0,0.0,96.4,96.4,94.7,96.6,0.0,0.0,0.0,0.0,0.0,0.0,0.0,0.0,0.0,0.0,0.0,0.0,87.1,88.5,87.2,88.5,0.14623115956783295,91.51087549328804,297129,8112774
13.2,0.0,0.0,0.0,1.0,0.0,0.0,0.0,0.0,0.0,0.0,0.0,96.6,96.2,93.7,95.7,0.0,0.0,0.0,0.0,0.0,0.0,0.0,0.0,0.0,0.0,0.0,0.0,88.0,88.2,84.4,89.0,0.14561747014522552,91.51264837384224,295881,8112722
13.8,0.0,0.0,0.0,1.0,0.0,0.0,0.0,0.0,0.0,0.0,0.0,95.9,97.4,95.7,95.8,0.0,0.0,0.0,0.0,1.0,0.0,0.0,0.0,0.0,0.0,0.0,0.0,87.2,87.8,86.8,87.8,0.14633595943450928,91.52875442802906,297334,8114337
13.2,0.0,0.0,0.0,0.0,0.0,0.0,0.0,0.0,0.0,0.0,0.0,96.2,96.2,96.7,95.7,0.0,0.0,0.0,0.0,0.0,0.0,0.0,0.0,0.0,0.0,0.0,0.0,87.2,87.9,86.8,88.2,0.1463605761528015,91.52938760817051,297360,8114229
7.5,0.0,0.0,1.0,1.0,0.0,0.0,0.0,0.0,0.0,0.0,0.0,96.5,96.2,94.9,96.0,0.0,0.0,0.0,0.0,0.0,0.0,0.0,0.0,0.0,0.0,0.0,0.0,87.2,87.9,86.8,88.0,0.14587236940860748,91.52878963947296,296381,8114172
11.6,0.0,0.0,0.0,0.0,0.0,0.0,0.0,0.0,0.0,0.0,0.0,97.4,96.7,95.2,95.9,0.0,0.0,0.0,0.0,1.0,0.0,0.0,0.0,0.0,0.0,0.0,0.0,88.7,88.9,85.7,89.6,0.14484454691410065,91.53074459731579,294271,8114347
10.0,0.0,0.0,1.0,0.0,0.0,0.0,0.0,0.0,0.0,0.0,0.0,96.1,96.8,94.9,95.8,0.0,0.0,0.0,0.0,0.0,0.0,0.0,0.0,0.0,0.0,0.0,0.0,87.2,87.5,87.4,88.5,0.1455473005771637,91.50424402952194,295681,8111975
10.8,1.0,0.0,0.0,1.0,0.0,0.0,0.0,0.0,0.0,0.0,0.0,95.8,97.3,96.9,95.9,0.0,0.0,0.0,1.0,1.0,0.0,0.0,0.0,0.0,0.0,0.0,0.0,88.0,87.4,86.3,88.2,0.14553317427635193,91.50244621932507,295716,8111871
16.1,0.0,0.0,0.0,0.0,0.0,0.0,0.0,0.0,0.0,0.0,0.0,96.2,95.9,94.6,96.2,0.0,0.0,0.0,0.0,1.0,1.0,0.0,0.0,0.0,0.0,0.0,0.0,87.8,87.0,85.6,88.9,0.14549435675144196,91.529894515872,295615,8114239
15.3,0.0,0.0,0.0,0.0,0.0,0.0,0.0,0.0,0.0,0.0,0.0,95.7,95.8,95.7,96.2,0.0,0.0,0.0,0.0,0.0,0.0,0.0,0.0,0.0,0.0,0.0,0.0,88.2,87.1,87.8,88.4,0.14518176019191742,91.5091000944376,294957,8112437
13.9,0.0,0.0,0.0,2.0,0.0,0.0,0.0,0.0,0.0,0.0,0.0,96.1,97.9,94.3,96.1,0.0,0.0,0.0,0.0,0.0,0.0,0.0,0.0,0.0,0.0,0.0,0.0,87.0,87.4,85.9,88.4,0.14448069036006927,91.51019714772701,293567,8112627
14.7,0.0,0.0,0.0,1.0,0.0,0.0,0.0,0.0,0.0,0.0,0.0,95.7,96.9,93.7,95.9,0.0,0.0,0.0,0.0,1.0,0.0,0.0,0.0,0.0,0.0,0.0,0.0,87.2,88.3,84.8,89.0,0.1446693241596222,91.50814767181873,293924,8112437
14.7,0.0,0.0,0.0,0.0,0.0,0.0,0.0,0.0,0.0,0.0,0.0,96.4,96.7,93.4,94.7,0.0,0.0,0.0,0.0,1.0,0.0,0.0,0.0,0.0,0.0,0.0,0.0,86.8,87.2,87.2,88.3,0.14369674026966095,91.18397851288319,291923,8083645
13.9,0.0,0.0,0.0,0.0,0.0,0.0,0.0,0.0,0.0,0.0,0.0,96.9,95.7,96.1,96.0,0.0,0.0,0.0,0.0,0.0,0.0,0.0,0.0,0.0,0.0,0.0,0.0,87.0,87.9,87.4,89.7,0.14467857778072357,91.53218238055706,293973,8114475
13.0,0.0,0.0,0.0,1.0,0.0,0.0,0.0,0.0,0.0,0.0,0.0,96.2,96.3,96.6,95.7,0.0,0.0,0.0,0.0,0.0,0.0,0.0,0.0,0.0,0.0,0.0,0.0,87.2,87.8,87.1,88.3,0.14478223025798798,91.51020029187202,294165,8112586
14.7,0.0,0.0,0.0,0.0,0.0,0.0,0.0,0.0,0.0,0.0,0.0,96.9,97.5,94.7,95.9,1.0,0.0,0.0,0.0,0.0,0.0,1.0,0.0,0.0,0.0,0.0,0.0,87.1,87.4,86.8,89.2,0.14549583196640015,91.51515777409077,295614,8112981
8.3,0.0,0.0,0.0,0.0,0.0,1.0,0.0,0.0,0.0,0.0,0.0,96.1,96.3,94.7,96.7,0.0,0.0,0.0,0.0,1.0,0.0,0.0,0.0,0.0,0.0,0.0,0.0,88.0,87.4,86.8,88.4,0.14534124732017517,91.47892460227013,295316,8109826
5.7,0.0,0.0,0.0,1.0,0.0,0.0,0.0,0.0,0.0,0.0,0.0,97.3,96.1,94.9,96.2,0.0,0.0,0.0,0.0,0.0,0.0,0.0,0.0,0.0,0.0,0.0,0.0,87.2,87.9,85.3,88.3,0.14486433565616608,91.51890498399734,294323,8113308
9.9,0.0,0.0,0.0,0.0,1.0,0.0,0.0,0.0,0.0,0.0,0.0,96.7,95.7,94.9,95.8,0.0,0.0,0.0,0.0,0.0,0.0,1.0,0.0,0.0,0.0,0.0,0.0,88.0,87.5,87.0,88.5,0.1453978568315506,91.54329676926136,295441,8115533
12.4,0.0,0.0,0.0,1.0,0.0,0.0,0.0,0.0,0.0,0.0,0.0,96.8,97.6,95.0,97.1,0.0,0.0,0.0,0.0,1.0,0.0,0.0,0.0,0.0,0.0,0.0,0.0,87.2,87.4,87.8,88.7,0.14561738073825836,91.53092756867409,295845,8114434
9.2,0.0,0.0,1.0,0.0,0.0,0.0,0.0,0.0,0.0,0.0,0.0,95.9,96.9,95.0,95.7,0.0,0.0,0.0,0.0,0.0,0.0,0.0,0.0,0.0,0.0,0.0,0.0,86.7,87.9,87.1,89.2,0.1447397768497467,91.44715769588947,294010,8107205
10.0,0.0,0.0,0.0,1.0,0.0,0.0,0.0,0.0,0.0,0.0,0.0,96.1,96.7,93.1,95.1,0.0,0.0,0.0,0.0,1.0,0.0,0.0,0.0,0.0,0.0,0.0,0.0,87.8,87.6,86.5,88.3,0.1449388861656189,91.47314690053463,294460,8109419
14.0,0.0,0.0,0.0,0.0,0.0,0.0,0.0,0.0,0.0,0.0,0.0,96.2,96.0,96.0,97.9,0.0,0.0,0.0,0.0,0.0,0.0,0.0,0.0,0.0,0.0,0.0,0.0,88.4,87.2,87.1,87.9,0.14565667510032654,91.50878968834877,295936,8112426
11.6,0.0,0.0,0.0,0.0,0.0,0.0,0.0,0.0,0.0,0.0,0.0,96.0,97.4,93.5,97.0,0.0,0.0,0.0,0.0,0.0,0.0,0.0,0.0,0.0,0.0,0.0,0.0,87.1,87.2,86.2,88.0,0.14567404985427856,91.47987307608128,296026,8109961
8.3,2.0,0.0,0.0,1.0,0.0,0.0,0.0,0.0,0.0,0.0,0.0,94.7,96.9,92.3,94.4,1.0,0.0,0.0,1.0,0.0,0.0,0.0,0.0,0.0,0.0,0.0,0.0,86.5,87.8,86.2,88.3,0.14485515654087067,91.47273768484592,294359,8109321
10.0,0.0,0.0,0.0,1.0,0.0,0.0,0.0,0.0,0.0,0.0,0.0,96.1,96.6,95.5,95.9,0.0,0.0,0.0,0.0,0.0,0.0,0.0,0.0,0.0,0.0,0.0,0.0,88.0,87.4,86.5,88.5,0.14563891291618347,91.51931303739548,295948,8113360
11.6,0.0,0.0,0.0,0.0,0.0,0.0,0.0,0.0,0.0,0.0,0.0,96.0,97.4,95.8,97.2,0.0,0.0,0.0,0.0,0.0,0.0,0.0,1.0,0.0,0.0,0.0,0.0,87.0,87.2,86.8,88.0,0.1454666256904602,91.51189588010311,295558,8112811
7.4,0.0,0.0,0.0,1.0,0.0,0.0,1.0,0.0,0.0,0.0,0.0,96.4,96.4,93.3,95.9,0.0,0.0,0.0,0.0,0.0,0.0,0.0,0.0,0.0,0.0,0.0,0.0,87.6,88.3,86.0,89.5,0.14566455781459808,91.51198254525661,295937,8112659
12.5,0.0,0.0,0.0,0.0,0.0,0.0,0.0,0.0,0.0,0.0,0.0,95.7,97.0,94.9,95.8,1.0,0.0,0.0,0.0,0.0,0.0,0.0,0.0,0.0,0.0,0.0,0.0,88.4,87.2,86.9,88.5,0.14572662115097046,91.51756851375103,296088,8113171
11.5,0.0,0.0,0.0,0.0,0.0,0.0,0.0,0.0,0.0,0.0,0.0,97.1,96.3,95.1,96.3,0.0,0.0,0.0,0.0,0.0,0.0,0.0,0.0,0.0,0.0,0.0,0.0,88.4,85.7,86.5,88.8,0.14601407945156097,91.5243144929409,296679,8113802
10.8,0.0,0.0,0.0,2.0,0.0,0.0,0.0,0.0,0.0,0.0,0.0,96.1,96.0,93.2,95.8,0.0,0.0,0.0,0.0,1.0,0.0,0.0,0.0,0.0,0.0,0.0,0.0,87.4,88.0,86.0,89.1,0.14594769477844238,91.51664690673351,296536,8113107
13.2,0.0,1.0,0.0,0.0,0.0,0.0,0.0,0.0,0.0,0.0,0.0,95.8,97.8,96.1,97.2,0.0,0.0,0.0,0.0,0.0,0.0,0.0,0.0,0.0,0.0,0.0,0.0,87.4,86.0,87.0,88.3,0.14593768119812012,91.51787613332272,296520,8113203
13.9,0.0,0.0,0.0,0.0,0.0,0.0,0.0,0.0,0.0,0.0,0.0,95.7,96.4,94.0,96.4,0.0,0.0,0.0,0.0,0.0,0.0,1.0,1.0,0.0,0.0,0.0,0.0,86.8,87.2,85.7,88.3,0.14583586156368256,91.52468502521515,296310,8113835
16.8,0.0,0.0,0.0,1.0,0.0,0.0,0.0,0.0,0.0,0.0,0.0,96.5,96.1,95.1,96.3,0.0,0.0,0.0,0.0,0.0,0.0,0.0,2.0,0.0,0.0,0.0,0.0,87.9,87.4,86.9,87.8,0.1454642117023468,91.52279157936573,295540,8113673
5.7,0.0,0.0,0.0,0.0,0.0,0.0,0.0,0.0,0.0,0.0,0.0,65.4,69.9,67.8,61.8,0.0,0.0,1.0,0.0,0.0,0.0,0.0,0.0,0.0,0.0,0.0,0.0,63.5,63.5,61.5,64.6,0.1070856973528862,67.40731756389141,217538,5975777
0.0,0.0,0.0,0.0,1.0,0.0,0.0,0.0,0.0,0.0,0.0,0.0,0.0,0.0,0.0,0.0,0.0,0.0,0.0,0.0,0.0,0.0,0.0,0.0,0.0,0.0,0.0,0.0,0.0,0.0,0.0,0.0,7.301568984985352e-07,7.301568984985352e-07,1,1
0.0,0.0,0.0,0.0,0.0,0.0,0.0,0.0,0.0,0.0,0.0,0.0,0.0,0.0,0.0,0.0,0.0,0.0,0.0,0.0,0.0,0.0,0.0,0.0,0.0,0.0,0.0,0.0,0.0,0.0,0.0,0.0,7.301568984985352e-07,7.301568984985352e-07,1,1
0.0,0.0,0.0,0.0,0.0,0.0,0.0,0.0,0.0,0.0,0.0,0.0,0.0,0.0,0.0,0.0,0.0,0.0,0.0,0.0,0.0,0.0,0.0,0.0,0.0,0.0,0.0,0.0,0.0,0.0,0.0,0.0,7.301568984985352e-07,7.301568984985352e-07,1,1
0.0,0.0,0.0,0.0,0.0,0.0,0.0,0.0,0.0,0.0,0.0,0.0,0.0,0.0,0.0,0.0,0.0,0.0,0.0,0.0,0.0,0.0,0.0,0.0,0.0,0.0,0.0,0.0,0.0,0.0,0.0,0.0,1.2516975402832031e-06,7.301568984985352e-07,2,1
