0.0,0.0,0.0,0.0,0.0,0.0,0.0,0.0,0.0,0.0,0.0,0.0,0.0,0.0,0.0,0.0,0.0,0.0,0.0,0.0,0.0,0.0,0.0,0.0,0.0,0.0,0.0,0.0,0.0,0.0,0.0,0.0,2.7045607566833496e-05,0.022289633750915527,55,1976
12.4,0.0,0.0,0.0,0.0,0.0,0.0,1.0,0.0,0.0,0.0,0.0,62.1,64.4,68.3,69.9,0.0,0.0,0.0,0.0,0.0,0.0,0.0,0.0,0.0,2.0,0.0,0.0,57.7,62.4,66.7,66.3,0.07863853871822357,57.16466346383095,159919,5067710
10.8,1.0,1.0,1.0,0.0,0.0,0.0,0.0,0.0,0.0,0.0,0.0,68.0,68.0,70.5,60.8,0.0,0.0,1.0,0.0,0.0,0.0,0.0,0.0,0.0,0.0,0.0,0.0,58.6,62.0,68.0,58.3,0.07963193953037262,56.954672545194626,161887,5049098
15.4,0.0,0.0,0.0,0.0,0.0,0.0,0.0,0.0,1.0,0.0,0.0,67.3,62.6,69.2,66.0,0.0,0.0,1.0,0.0,0.0,0.0,0.0,0.0,0.0,0.0,0.0,0.0,62.8,58.1,68.4,61.7,0.07780911028385162,56.95120112597942,158175,5048795
13.9,0.0,0.0,1.0,0.0,0.0,0.0,0.0,0.0,0.0,0.0,0.0,68.6,63.3,67.3,69.2,0.0,0.0,0.0,0.0,0.0,0.0,0.0,0.0,0.0,0.0,0.0,0.0,63.3,58.8,65.6,65.3,0.07765384018421173,56.87035375833511,157895,5041624
19.7,0.0,0.0,0.0,0.0,0.0,0.0,0.0,0.0,0.0,0.0,0.0,69.6,67.6,61.1,69.2,0.0,0.0,1.0,0.0,0.0,0.0,0.0,1.0,0.0,0.0,0.0,0.0,64.6,62.4,62.4,66.0,0.07840321958065033,56.86494302749634,159439,5041140
17.5,0.0,0.0,0.0,0.0,0.0,2.0,0.0,0.0,0.0,0.0,0.0,66.7,67.3,67.3,66.7,0.0,0.0,0.0,0.0,0.0,0.0,0.0,0.0,0.0,0.0,0.0,0.0,62.9,63.4,65.3,63.9,0.07821251451969147,56.73551195859909,158969,5029672
19.4,0.0,0.0,0.0,0.0,0.0,0.0,0.0,0.0,0.0,0.0,0.0,68.3,67.7,68.6,68.3,1.0,0.0,1.0,0.0,0.0,0.0,1.0,0.0,0.0,0.0,0.0,0.0,61.7,62.1,64.9,63.2,0.07890556752681732,56.771074414253235,160423,5032820
5.7,0.0,0.0,0.0,0.0,0.0,0.0,0.0,0.0,1.0,0.0,0.0,68.6,66.7,70.1,62.6,0.0,0.0,0.0,0.0,0.0,0.0,0.0,0.0,0.0,0.0,0.0,0.0,62.9,62.0,65.3,60.2,0.07910282909870148,56.74700754880905,160783,5030688
5.7,0.0,0.0,0.0,0.0,0.0,0.0,0.0,0.0,1.0,0.0,0.0,69.9,67.7,69.6,63.4,0.0,0.0,1.0,0.0,0.0,0.0,0.0,0.0,0.0,0.0,0.0,0.0,63.2,64.0,63.4,59.2,0.07904446125030518,57.2485476732254,160658,5075152
7.5,0.0,0.0,0.0,0.0,0.0,0.0,0.0,0.0,0.0,0.0,0.0,68.9,66.3,68.6,68.0,0.0,0.0,0.0,0.0,0.0,0.0,1.0,0.0,0.0,0.0,0.0,0.0,62.0,61.1,65.3,63.5,0.08029274642467499,57.83158351480961,163283,5126833
19.5,0.0,0.0,0.0,0.0,0.0,0.0,0.0,0.0,0.0,0.0,0.0,68.0,64.0,71.2,66.0,0.0,0.0,0.0,0.0,0.0,0.0,0.0,0.0,0.0,0.0,0.0,0.0,61.9,60.4,70.1,61.1,0.07854665815830231,57.65194648504257,159713,5110912
15.4,0.0,0.0,0.0,0.0,0.0,0.0,0.0,0.0,0.0,0.0,0.0,67.3,66.3,71.0,64.6,0.0,0.0,0.0,0.0,0.0,0.0,1.0,0.0,0.0,0.0,0.0,0.0,60.6,60.0,71.6,60.9,0.07981190085411072,57.54638524353504,162284,5101621
6.6,0.0,0.0,0.0,0.0,0.0,0.0,0.0,0.0,1.0,0.0,0.0,66.3,67.3,69.6,68.9,0.0,0.0,0.0,0.0,0.0,0.0,0.0,0.0,0.0,0.0,0.0,0.0,61.5,62.1,66.7,61.5,0.08056952059268951,57.437273755669594,163805,5091885
7.4,0.0,0.0,0.0,0.0,0.0,0.0,1.0,0.0,0.0,0.0,0.0,63.6,69.6,64.9,71.0,0.0,0.0,0.0,0.0,0.0,0.0,1.0,0.0,0.0,1.0,0.0,0.0,52.9,65.6,60.6,66.7,0.08009162545204163,57.48338694870472,162874,5095965
7.5,0.0,0.0,0.0,0.0,0.0,0.0,0.0,0.0,0.0,0.0,0.0,67.0,68.7,65.6,67.3,0.0,0.0,1.0,0.0,0.0,0.0,0.0,0.0,0.0,0.0,0.0,0.0,57.8,65.7,61.5,64.9,0.07983298599720001,57.300506353378296,162203,5079756
6.6,0.0,0.0,0.0,0.0,0.0,0.0,0.0,0.0,0.0,0.0,0.0,66.7,68.7,67.3,68.0,0.0,0.0,0.0,0.0,0.0,0.0,0.0,1.0,0.0,0.0,0.0,0.0,62.1,66.3,63.2,64.2,0.08033503592014313,57.45355087518692,163369,5093320
7.5,0.0,0.0,0.0,0.0,0.0,0.0,0.0,0.0,0.0,0.0,0.0,68.0,68.9,68.6,66.7,0.0,0.0,0.0,0.0,0.0,0.0,0.0,1.0,0.0,0.0,0.0,0.0,61.5,62.0,62.0,61.7,0.08068609237670898,57.363539919257164,164004,5085343
11.6,0.0,0.0,0.0,0.0,0.0,0.0,0.0,0.0,0.0,0.0,0.0,66.7,67.7,67.3,68.9,0.0,0.0,1.0,0.0,0.0,0.0,1.0,0.0,0.0,0.0,0.0,0.0,60.0,62.0,65.7,65.0,0.07919271290302277,57.39258663356304,161003,5087919
11.5,0.0,0.0,0.0,0.0,0.0,0.0,0.0,0.0,1.0,0.0,0.0,66.4,68.6,69.8,69.3,0.0,0.0,0.0,0.0,0.0,0.0,0.0,1.0,0.0,0.0,0.0,0.0,59.4,64.9,63.4,65.3,0.07808926701545715,57.34760743379593,158802,5083928
13.2,0.0,0.0,0.0,0.0,0.0,0.0,0.0,0.0,0.0,0.0,0.0,64.0,67.6,71.8,67.0,0.0,0.0,0.0,0.0,0.0,0.0,0.0,0.0,0.0,0.0,0.0,0.0,57.0,64.3,69.4,61.5,0.07846611738204956,57.31623995304108,159526,5081152
6.6,0.0,0.0,1.0,0.0,0.0,0.0,0.0,0.0,0.0,0.0,0.0,63.8,65.6,72.4,67.3,0.0,0.0,0.0,0.0,0.0,0.0,0.0,0.0,0.0,0.0,0.0,0.0,60.0,60.9,71.1,66.7,0.07953113317489624,57.260839492082596,161682,5076274
14.7,0.0,0.0,0.0,0.0,0.0,0.0,0.0,0.0,0.0,0.0,0.0,67.3,68.0,68.0,68.6,0.0,0.0,0.0,0.0,0.0,0.0,0.0,1.0,0.0,0.0,0.0,0.0,58.9,62.9,65.3,63.2,0.08001048862934113,57.47577612102032,162709,5095291
15.4,0.0,0.0,0.0,0.0,0.0,0.0,0.0,0.0,1.0,0.0,0.0,68.0,67.0,67.0,69.5,0.0,0.0,1.0,0.0,0.0,0.0,0.0,0.0,0.0,0.0,0.0,0.0,62.9,59.8,64.2,60.0,0.08001399040222168,57.45755895972252,162694,5093678
11.5,0.0,0.0,0.0,0.0,0.0,0.0,1.0,0.0,0.0,0.0,0.0,68.6,69.6,67.7,69.5,0.0,0.0,0.0,0.0,0.0,0.0,1.0,0.0,0.0,0.0,0.0,0.0,58.9,62.4,63.5,64.6,0.08033685386180878,57.3054933398962,163301,5080199
12.4,0.0,0.0,0.0,0.0,0.0,0.0,0.0,0.0,0.0,0.0,0.0,67.0,62.9,67.0,67.0,0.0,0.0,1.0,0.0,0.0,0.0,0.0,2.0,0.0,0.0,0.0,0.0,64.2,57.6,63.8,65.3,0.0792524516582489,57.35190024971962,161166,5084310
8.3,0.0,0.0,0.0,0.0,0.0,0.0,0.0,0.0,0.0,0.0,0.0,69.9,51.6,69.6,69.6,0.0,0.0,0.0,0.0,0.0,0.0,0.0,0.0,0.0,0.0,0.0,0.0,63.2,46.7,63.4,65.6,0.08018650114536285,57.33814860880375,163013,5083093
13.2,0.0,0.0,0.0,0.0,0.0,0.0,0.0,0.0,0.0,0.0,0.0,69.1,64.1,68.7,64.4,0.0,0.0,1.0,0.0,0.0,0.0,0.0,1.0,0.0,0.0,0.0,0.0,64.2,58.3,63.7,58.1,0.08016005158424377,57.34031228721142,162950,5083287
10.8,0.0,0.0,0.0,0.0,0.0,0.0,0.0,0.0,0.0,0.0,0.0,67.7,63.5,67.7,66.0,0.0,0.0,0.0,0.0,0.0,0.0,1.0,1.0,0.0,0.0,0.0,0.0,63.3,59.8,62.4,60.6,0.07989108562469482,57.17431905865669,162414,5068570
5.7,0.0,0.0,0.0,0.0,0.0,0.0,0.0,0.0,0.0,0.0,0.0,66.3,68.3,68.3,68.3,0.0,0.0,1.0,0.0,0.0,0.0,0.0,2.0,0.0,0.0,0.0,0.0,62.9,60.4,63.6,62.4,0.08055926859378815,57.4070765376091,163825,5089200
5.7,0.0,0.0,0.0,0.0,0.0,0.0,1.0,0.0,0.0,0.0,0.0,67.7,68.9,67.0,70.9,0.0,0.0,0.0,0.0,0.0,0.0,0.0,0.0,0.0,0.0,0.0,0.0,59.8,60.6,61.5,65.9,0.08066825568675995,57.488517969846725,164014,5096425
8.3,0.0,0.0,0.0,0.0,0.0,0.0,1.0,0.0,0.0,0.0,0.0,67.6,68.6,67.3,68.4,0.0,0.0,1.0,0.0,0.0,0.0,0.0,1.0,0.0,0.0,0.0,0.0,63.7,66.0,63.6,68.3,0.08058340847492218,57.76469783484936,163837,5120907
5.7,0.0,0.0,0.0,0.0,0.0,0.0,1.0,0.0,0.0,0.0,0.0,70.5,69.5,68.3,68.6,0.0,0.0,0.0,0.0,0.0,0.0,0.0,0.0,0.0,0.0,0.0,0.0,61.7,60.9,62.5,64.9,0.08092920482158661,57.719090923666954,164525,5116863
4.8,0.0,0.0,0.0,0.0,0.0,0.0,0.0,0.0,0.0,0.0,0.0,68.3,67.0,68.3,66.3,0.0,0.0,1.0,0.0,0.0,0.0,0.0,1.0,0.0,0.0,0.0,0.0,60.0,63.2,62.5,64.2,0.08123737573623657,57.57899774610996,165204,5104441
8.3,0.0,0.0,0.0,0.0,0.0,0.0,0.0,0.0,0.0,0.0,0.0,67.0,68.0,67.7,69.5,0.0,0.0,0.0,0.0,0.0,0.0,1.0,0.0,0.0,0.0,0.0,0.0,61.3,62.1,60.9,63.6,0.08055724203586578,57.491414323449135,163753,5096681
8.3,0.0,0.0,0.0,0.0,0.0,0.0,0.0,0.0,0.0,0.0,0.0,70.6,68.6,68.3,67.3,0.0,0.0,2.0,0.0,0.0,0.0,0.0,0.0,0.0,0.0,0.0,0.0,63.0,61.7,60.6,61.1,0.08054046332836151,57.349064990878105,163739,5084059
12.4,0.0,1.0,0.0,0.0,0.0,0.0,0.0,0.0,0.0,0.0,0.0,67.7,69.3,66.3,67.0,0.0,0.0,0.0,1.0,0.0,0.0,0.0,0.0,0.0,0.0,0.0,0.0,63.4,63.2,61.6,64.4,0.08045488595962524,57.28451119363308,163562,5078339
11.6,0.0,0.0,0.0,0.0,0.0,0.0,0.0,0.0,0.0,0.0,0.0,65.0,66.3,68.9,67.6,0.0,0.0,2.0,0.0,0.0,0.0,0.0,0.0,0.0,0.0,0.0,0.0,58.3,63.2,62.0,64.6,0.08052214980125427,57.435347855091095,163712,5091712
16.1,0.0,1.0,0.0,0.0,0.0,0.0,0.0,0.0,0.0,0.0,0.0,68.7,65.3,68.0,63.2,0.0,0.0,0.0,0.0,0.0,0.0,0.0,0.0,0.0,0.0,0.0,0.0,63.5,59.8,67.3,59.8,0.08124327659606934,57.45814190804958,165216,5093727
14.7,0.0,0.0,0.0,0.0,0.0,0.0,0.0,0.0,0.0,0.0,0.0,69.5,66.0,68.6,67.3,0.0,0.0,0.0,0.0,0.0,0.0,0.0,0.0,0.0,0.0,0.0,0.0,63.9,62.1,63.9,62.1,0.0801163762807846,57.415834963321686,162893,5089980
9.9,0.0,0.0,0.0,0.0,0.0,0.0,0.0,0.0,0.0,0.0,0.0,65.0,69.8,68.7,66.0,0.0,0.0,2.0,0.0,0.0,0.0,0.0,0.0,0.0,0.0,0.0,0.0,59.2,61.5,63.9,61.7,0.08045898377895355,57.38491332530975,163567,5087240
13.9,0.0,0.0,0.0,0.0,0.0,0.0,0.0,0.0,0.0,0.0,0.0,64.1,68.0,68.9,68.3,0.0,0.0,0.0,0.0,0.0,0.0,0.0,0.0,0.0,0.0,0.0,0.0,55.4,62.1,58.2,62.5,0.077224001288414,54.17477507889271,156947,4802653
10.8,0.0,0.0,0.0,0.0,0.0,0.0,0.0,0.0,0.0,0.0,0.0,62.0,66.3,65.0,67.6,0.0,0.0,2.0,1.0,0.0,0.0,0.0,0.0,0.0,0.0,0.0,0.0,53.3,58.7,56.5,59.4,0.07444481551647186,52.42568878829479,151335,4647599
16.1,0.0,0.0,0.0,0.0,0.0,0.0,0.0,0.0,0.0,0.0,0.0,63.7,64.6,66.0,64.7,0.0,0.0,0.0,0.0,0.0,0.0,0.0,0.0,0.0,0.0,0.0,0.0,57.1,58.1,58.8,58.5,0.07365487515926361,51.984888300299644,149747,4608519
12.4,0.0,0.0,0.0,0.0,0.0,0.0,0.0,0.0,0.0,0.0,0.0,63.0,64.4,63.6,63.5,0.0,0.0,0.0,0.0,0.0,0.0,0.0,0.0,0.0,0.0,0.0,0.0,58.6,59.4,60.8,62.1,0.0745900571346283,52.18967789411545,151686,4626672
7.5,1.0,1.0,0.0,0.0,0.0,0.0,0.0,0.0,0.0,0.0,0.0,58.7,68.6,66.7,67.3,0.0,0.0,0.0,0.0,0.0,0.0,0.0,0.0,0.0,0.0,0.0,0.0,50.5,61.3,60.4,61.1,0.07491201162338257,52.468049347400665,152274,4651352
13.2,0.0,2.0,0.0,0.0,0.0,0.0,0.0,0.0,0.0,0.0,0.0,61.2,68.9,63.0,63.0,0.0,0.0,1.0,0.0,0.0,0.0,0.0,0.0,0.0,0.0,0.0,0.0,53.8,64.3,58.6,57.9,0.07499802112579346,52.58816160261631,152464,4662001
15.4,0.0,0.0,0.0,0.0,0.0,0.0,0.0,0.0,0.0,0.0,0.0,67.0,68.6,59.4,61.4,0.0,0.0,0.0,0.0,0.0,0.0,0.0,0.0,0.0,0.0,0.0,0.0,60.0,63.9,55.3,55.8,0.07359109818935394,52.36830948293209,149655,4642507
12.4,0.0,0.0,0.0,0.0,0.0,0.0,0.0,0.0,0.0,0.0,0.0,67.7,65.4,68.9,56.4,0.0,0.0,1.0,0.0,0.0,0.0,0.0,0.0,0.0,0.0,0.0,0.0,62.6,56.3,60.4,51.6,0.07367250323295593,52.20598538219929,149778,4628121
11.6,1.0,1.0,0.0,0.0,0.0,0.0,0.0,0.0,0.0,0.0,0.0,69.2,65.0,67.0,60.4,1.0,0.0,1.0,0.0,0.0,0.0,0.0,0.0,0.0,0.0,0.0,0.0,61.1,60.2,63.3,57.3,0.07697342336177826,54.696557104587555,156487,4848912
13.2,0.0,1.0,0.0,0.0,0.0,0.0,0.0,0.0,0.0,0.0,0.0,67.7,69.2,68.6,66.7,0.0,0.0,0.0,0.0,0.0,0.0,0.0,0.0,0.0,0.0,0.0,0.0,62.0,63.9,62.8,60.9,0.08016538619995117,57.39090076088905,163024,5087766
16.1,0.0,0.0,0.0,0.0,0.0,0.0,0.0,0.0,0.0,0.0,0.0,69.3,68.3,68.6,61.0,0.0,0.0,0.0,0.0,0.0,0.0,0.0,0.0,0.0,0.0,0.0,0.0,63.0,64.9,65.0,53.7,0.08050577342510223,57.569394171237946,163679,5103592
11.6,0.0,1.0,0.0,0.0,0.0,0.0,0.0,0.0,0.0,0.0,0.0,68.6,67.3,69.5,64.9,0.0,0.0,0.0,0.0,0.0,0.0,0.0,0.0,0.0,0.0,0.0,0.0,61.3,58.4,63.5,61.9,0.07968345284461975,57.300844982266426,161942,5079785
7.4,0.0,0.0,0.0,0.0,0.0,0.0,0.0,0.0,0.0,0.0,0.0,70.2,61.8,69.3,68.0,0.0,0.0,1.0,0.0,0.0,0.0,0.0,0.0,0.0,0.0,0.0,0.0,63.4,56.4,65.3,64.3,0.07982657849788666,57.439921513199806,162333,5092113
7.5,1.0,1.0,0.0,0.0,0.0,0.0,0.0,0.0,0.0,0.0,0.0,66.3,64.0,68.6,66.7,0.0,0.0,0.0,0.0,0.0,0.0,0.0,0.0,0.0,0.0,0.0,0.0,62.1,60.0,61.5,64.6,0.07982870936393738,57.39392936229706,162268,5088040
9.1,0.0,0.0,0.0,0.0,0.0,0.0,0.0,0.0,0.0,0.0,0.0,67.6,66.3,66.7,68.0,0.0,0.0,1.0,0.0,0.0,0.0,0.0,0.0,0.0,0.0,0.0,0.0,62.5,61.7,60.2,65.6,0.07994133234024048,57.3121317923069,162446,5080786
10.8,0.0,1.0,0.0,0.0,0.0,0.0,0.0,0.0,0.0,0.0,0.0,62.6,68.9,67.0,71.0,0.0,0.0,0.0,0.0,0.0,0.0,0.0,0.0,0.0,0.0,0.0,0.0,57.1,65.6,64.0,67.0,0.07956010103225708,57.29723711311817,161768,5079465
13.2,0.0,0.0,0.0,0.0,0.0,0.0,0.0,0.0,0.0,0.0,0.0,67.3,67.3,66.7,68.3,0.0,0.0,1.0,0.0,0.0,0.0,1.0,0.0,0.0,0.0,0.0,0.0,62.1,63.2,61.9,63.5,0.08072006702423096,57.38426801562309,164152,5087178
10.8,0.0,0.0,1.0,0.0,0.0,0.0,0.0,0.0,0.0,0.0,0.0,68.0,68.9,69.5,67.3,0.0,0.0,0.0,0.0,0.0,0.0,0.0,0.0,0.0,0.0,0.0,0.0,60.4,61.5,62.1,64.3,0.08063577115535736,57.35568621754646,163943,5084646
8.3,0.0,0.0,0.0,0.0,0.0,0.0,0.0,0.0,0.0,0.0,0.0,65.7,69.6,67.0,66.3,0.0,0.0,1.0,0.0,0.0,0.0,0.0,0.0,0.0,0.0,0.0,0.0,60.2,67.3,64.6,60.6,0.08061288297176361,57.263979092240334,163871,5076517
10.0,0.0,1.0,0.0,0.0,0.0,0.0,0.0,0.0,0.0,0.0,0.0,30.3,33.0,33.7,31.4,0.0,0.0,0.0,0.0,0.0,0.0,0.0,0.0,0.0,0.0,0.0,0.0,25.8,32.7,31.7,26.8,0.03786548227071762,27.0792613402009,76992,2400642
1.0,0.0,1.0,0.0,0.0,0.0,0.0,0.0,0.0,0.0,0.0,0.0,0.0,0.0,0.0,0.0,0.0,0.0,0.0,0.0,0.0,0.0,0.0,1.0,0.0,0.0,0.0,0.0,0.0,0.0,0.0,0.0,7.301568984985352e-07,7.301568984985352e-07,1,1
0.0,0.0,0.0,0.0,0.0,0.0,0.0,1.0,0.0,0.0,0.0,0.0,0.0,0.0,0.0,0.0,0.0,0.0,0.0,0.0,0.0,0.0,0.0,0.0,0.0,0.0,0.0,0.0,0.0,0.0,0.0,0.0,7.301568984985352e-07,7.301568984985352e-07,1,1
0.0,0.0,1.0,0.0,0.0,0.0,0.0,0.0,0.0,0.0,0.0,0.0,0.0,0.0,0.0,0.0,0.0,0.0,0.0,0.0,0.0,0.0,1.0,0.0,0.0,0.0,0.0,0.0,0.0,0.0,0.0,0.0,7.301568984985352e-07,7.301568984985352e-07,1,1
1.0,0.0,0.0,0.0,0.0,0.0,0.0,0.0,0.0,0.0,0.0,0.0,0.0,0.0,0.0,0.0,0.0,0.0,0.0,0.0,0.0,0.0,0.0,0.0,0.0,0.0,0.0,0.0,0.0,0.0,0.0,0.0,7.301568984985352e-07,7.301568984985352e-07,1,1
