0.0,0.0,0.0,0.0,0.0,0.0,0.0,0.0,0.0,0.0,0.0,0.0,0.0,0.0,0.0,0.0,0.0,0.0,0.0,0.0,0.0,0.0,0.0,0.0,0.0,0.0,0.0,0.0,0.0,0.0,0.0,0.0,0.0,0.0,0,0
23.1,0.0,0.0,0.0,0.0,0.0,0.0,0.0,1.0,0.0,0.0,84.7,0.0,0.0,0.0,0.0,0.0,0.0,0.0,0.0,0.0,0.0,0.0,0.0,0.0,0.0,0.0,94.9,0.0,0.0,0.0,0.0,0.03587412089109421,25.01986800134182,72888,2218048
27.7,0.0,0.0,0.0,0.0,0.0,0.0,0.0,0.0,0.0,0.0,89.6,0.0,0.0,0.0,0.0,0.0,0.0,0.0,0.0,0.0,0.0,0.0,0.0,0.0,0.0,0.0,100.0,0.0,0.0,0.0,0.0,0.03819666802883148,26.503801748156548,77603,2349595
23.3,0.0,0.0,0.0,0.0,0.0,0.0,0.0,0.0,0.0,0.0,89.8,0.0,0.0,0.0,0.0,0.0,0.0,0.0,0.0,0.0,0.0,0.0,0.0,0.0,0.0,0.0,100.0,0.0,0.0,0.0,0.0,0.03804691135883331,26.43376126885414,77305,2343386
28.8,0.0,0.0,0.0,0.0,0.0,0.0,0.0,0.0,0.0,0.0,90.0,0.0,0.0,0.0,0.0,0.0,0.0,0.0,0.0,0.0,0.0,0.0,0.0,0.0,0.0,0.0,100.0,0.0,0.0,0.0,0.0,0.03803949058055878,26.48233038187027,77299,2347688
20.0,0.0,0.0,0.0,0.0,0.0,0.0,0.0,0.0,0.0,0.0,89.5,0.0,0.0,0.0,0.0,0.0,0.0,0.0,0.0,0.0,0.0,0.0,0.0,0.0,0.0,0.0,100.0,0.0,0.0,0.0,0.0,0.03801096975803375,26.525326296687126,77227,2351531
27.7,0.0,0.0,0.0,0.0,0.0,0.0,0.0,0.0,0.0,0.0,89.7,0.0,0.0,0.0,0.0,0.0,0.0,0.0,0.0,0.0,0.0,0.0,0.0,0.0,0.0,0.0,100.0,0.0,0.0,0.0,0.0,0.037957265973091125,26.49520106613636,77133,2348829
27.2,0.0,0.0,0.0,0.0,0.0,0.0,0.0,0.0,0.0,0.0,89.7,0.0,0.0,0.0,0.0,0.0,0.0,0.0,0.0,0.0,0.0,0.0,0.0,0.0,0.0,0.0,100.0,0.0,0.0,0.0,0.0,0.03795824944972992,26.487343445420265,77131,2348133
22.0,0.0,0.0,0.0,0.0,0.0,0.0,0.0,0.0,0.0,0.0,90.0,0.0,0.0,0.0,0.0,0.0,0.0,0.0,0.0,0.0,0.0,0.0,0.0,0.0,0.0,0.0,100.0,0.0,0.0,0.0,0.0,0.03792920708656311,26.570773884654045,77064,2355531
21.3,0.0,0.0,0.0,0.0,0.0,0.0,0.0,0.0,0.0,0.0,89.4,0.0,0.0,0.0,0.0,0.0,0.0,0.0,0.0,0.0,0.0,0.0,0.0,0.0,0.0,0.0,100.0,0.0,0.0,0.0,0.0,0.03817196190357208,26.546988025307655,77557,2353449
25.0,0.0,0.0,0.0,0.0,0.0,0.0,0.0,0.0,0.0,0.0,89.9,0.0,0.0,0.0,0.0,0.0,0.0,0.0,0.0,0.0,0.0,0.0,0.0,0.0,0.0,0.0,100.0,0.0,0.0,0.0,0.0,0.038122594356536865,26.52422496676445,77454,2351402
25.6,0.0,0.0,0.0,0.0,0.0,0.0,0.0,1.0,0.0,0.0,89.1,0.0,0.0,0.0,0.0,1.0,0.0,0.0,0.0,0.0,0.0,0.0,0.0,1.0,0.0,0.0,100.0,0.0,0.0,0.0,0.0,0.03810910880565643,26.50048018991947,77433,2349297
18.2,0.0,0.0,0.0,0.0,0.0,0.0,0.0,0.0,0.0,0.0,89.1,0.0,0.0,0.0,0.0,0.0,0.0,0.0,0.0,0.0,0.0,0.0,0.0,0.0,0.0,0.0,100.0,0.0,0.0,0.0,0.0,0.038089945912361145,26.46071755886078,77401,2345772
25.6,0.0,0.0,0.0,0.0,0.0,0.0,0.0,0.0,0.0,0.0,89.5,0.0,0.0,0.0,0.0,0.0,0.0,0.0,0.0,0.0,0.0,0.0,0.0,0.0,0.0,0.0,100.0,0.0,0.0,0.0,0.0,0.03801010549068451,26.382049590349197,77221,2338798
25.4,0.0,0.0,0.0,0.0,0.0,0.0,0.0,0.0,0.0,0.0,87.9,0.0,0.0,0.0,0.0,0.0,0.0,0.0,0.0,0.0,0.0,0.0,0.0,1.0,0.0,0.0,100.0,0.0,0.0,0.0,0.0,0.03733399510383606,25.80959178507328,75850,2288049
17.5,0.0,0.0,0.0,0.0,0.0,0.0,0.0,0.0,0.0,0.0,87.6,0.0,0.0,0.0,0.0,0.0,0.0,0.0,0.0,0.0,0.0,0.0,0.0,1.0,0.0,0.0,100.0,0.0,0.0,0.0,0.0,0.03702510893344879,25.559690698981285,75223,2265895
22.7,0.0,0.0,0.0,0.0,0.0,0.0,0.0,0.0,0.0,0.0,88.0,0.0,0.0,0.0,0.0,0.0,0.0,0.0,0.0,0.0,0.0,0.0,0.0,1.0,0.0,0.0,100.0,0.0,0.0,0.0,0.0,0.036981597542762756,25.537062659859657,75141,2263889
25.0,0.0,0.0,0.0,0.0,0.0,0.0,0.0,0.0,0.0,0.0,87.4,0.0,0.0,0.0,0.0,0.0,0.0,0.0,0.0,0.0,0.0,0.0,0.0,0.0,0.0,0.0,100.0,0.0,0.0,0.0,0.0,0.03697490692138672,25.527348309755325,75132,2263030
23.7,0.0,0.0,0.0,0.0,0.0,0.0,0.0,0.0,0.0,0.0,87.4,0.0,0.0,0.0,0.0,0.0,0.0,0.0,0.0,0.0,0.0,0.0,0.0,0.0,0.0,0.0,100.0,0.0,0.0,0.0,0.0,0.037011921405792236,25.528072357177734,75208,2263092
21.4,0.0,0.0,0.0,0.0,0.0,0.0,0.0,0.0,0.0,0.0,86.0,0.0,0.0,0.0,0.0,0.0,0.0,0.0,0.0,0.0,0.0,0.0,0.0,0.0,0.0,0.0,100.0,0.0,0.0,0.0,0.0,0.037016093730926514,25.531603053212166,75222,2263405
26.7,0.0,0.0,0.0,0.0,0.0,0.0,0.0,0.0,0.0,0.0,87.5,0.0,0.0,0.0,0.0,0.0,0.0,0.0,0.0,0.0,0.0,0.0,0.0,0.0,0.0,0.0,100.0,0.0,0.0,0.0,0.0,0.03705178201198578,25.606954649090767,75289,2270085
25.6,0.0,0.0,0.0,0.0,0.0,0.0,0.0,0.0,0.0,0.0,87.4,0.0,0.0,0.0,0.0,0.0,0.0,0.0,0.0,0.0,0.0,0.0,0.0,0.0,1.0,0.0,100.0,0.0,0.0,0.0,0.0,0.037202224135398865,25.67990356683731,75595,2276552
17.5,0.0,0.0,0.0,0.0,0.0,0.0,0.0,0.0,0.0,0.0,88.7,0.0,0.0,0.0,0.0,0.0,0.0,0.0,0.0,0.0,0.0,0.0,0.0,0.0,0.0,0.0,100.0,0.0,0.0,0.0,0.0,0.037259191274642944,25.707788169384003,75712,2279024
19.5,0.0,0.0,0.0,0.0,0.0,0.0,0.0,0.0,0.0,0.0,87.2,0.0,0.0,0.0,0.0,0.0,0.0,0.0,0.0,0.0,0.0,0.0,0.0,0.0,0.0,0.0,100.0,0.0,0.0,0.0,0.0,0.0372166633605957,25.67404915392399,75618,2276033
17.4,0.0,0.0,0.0,0.0,0.0,0.0,0.0,0.0,0.0,0.0,88.0,0.0,0.0,0.0,0.0,0.0,0.0,0.0,0.0,0.0,0.0,0.0,0.0,0.0,0.0,0.0,100.0,0.0,0.0,0.0,0.0,0.037261322140693665,25.680433735251427,75693,2276599
19.5,0.0,0.0,0.0,0.0,0.0,0.0,0.0,0.0,0.0,0.0,86.7,0.0,0.0,0.0,0.0,0.0,0.0,0.0,0.0,0.0,0.0,0.0,0.0,0.0,0.0,0.0,100.0,0.0,0.0,0.0,0.0,0.03704605996608734,25.59575343132019,75277,2269092
27.7,0.0,0.0,0.0,0.0,0.0,0.0,0.0,0.0,0.0,0.0,87.9,0.0,0.0,0.0,0.0,0.0,0.0,0.0,0.0,0.0,0.0,0.0,0.0,0.0,1.0,0.0,100.0,0.0,0.0,0.0,0.0,0.03701844811439514,25.606469601392746,75220,2270042
17.5,0.0,0.0,0.0,0.0,0.0,0.0,0.0,0.0,0.0,0.0,87.1,0.0,0.0,0.0,0.0,0.0,0.0,0.0,0.0,0.0,0.0,0.0,0.0,0.0,0.0,0.0,100.0,0.0,0.0,0.0,0.0,0.037130653858184814,25.602013930678368,75438,2269647
16.8,0.0,0.0,0.0,0.0,0.0,0.0,0.0,0.0,0.0,0.0,87.9,0.0,0.0,0.0,0.0,0.0,0.0,0.0,0.0,0.0,0.0,0.0,0.0,0.0,0.0,0.0,100.0,0.0,0.0,0.0,0.0,0.03710612654685974,25.600649029016495,75390,2269526
26.5,0.0,0.0,0.0,0.0,0.0,0.0,0.0,0.0,0.0,0.0,87.0,0.0,0.0,0.0,0.0,0.0,0.0,0.0,0.0,0.0,0.0,0.0,0.0,0.0,0.0,0.0,100.0,0.0,0.0,0.0,0.0,0.03715549409389496,25.56413508951664,75505,2266289
16.1,0.0,0.0,0.0,0.0,0.0,0.0,0.0,0.0,0.0,0.0,87.5,0.0,0.0,0.0,0.0,0.0,0.0,0.0,0.0,0.0,0.0,0.0,0.0,0.0,0.0,0.0,100.0,0.0,0.0,0.0,0.0,0.037118151783943176,25.617174491286278,75427,2270991
27.2,0.0,0.0,0.0,0.0,0.0,0.0,0.0,0.0,0.0,0.0,87.9,0.0,0.0,0.0,0.0,0.0,0.0,0.0,0.0,0.0,0.0,0.0,0.0,0.0,0.0,0.0,100.0,0.0,0.0,0.0,0.0,0.03722776472568512,25.777860641479492,75633,2285236
10.0,0.0,0.0,0.0,0.0,0.0,0.0,0.0,0.0,0.0,0.0,87.1,0.0,0.0,0.0,0.0,0.0,0.0,0.0,0.0,0.0,0.0,0.0,0.0,0.0,2.0,0.0,100.0,0.0,0.0,0.0,0.0,0.037180572748184204,25.685464695096016,75536,2277045
20.2,0.0,0.0,0.0,0.0,0.0,0.0,0.0,0.0,0.0,0.0,87.6,0.0,0.0,0.0,0.0,0.0,0.0,0.0,0.0,0.0,0.0,0.0,0.0,0.0,0.0,0.0,100.0,0.0,0.0,0.0,0.0,0.03709538280963898,25.620806708931923,75371,2271313
26.5,0.0,0.0,0.0,0.0,0.0,0.0,0.0,0.0,0.0,0.0,87.9,0.0,0.0,0.0,0.0,0.0,0.0,0.0,0.0,0.0,0.0,0.0,0.0,0.0,0.0,0.0,100.0,0.0,0.0,0.0,0.0,0.03714090585708618,25.59647536277771,75466,2269156
20.8,0.0,0.0,0.0,0.0,0.0,0.0,0.0,0.0,2.0,0.0,87.5,0.0,0.0,0.0,0.0,0.0,0.0,0.0,0.0,0.0,0.0,0.0,0.0,0.0,0.0,0.0,100.0,0.0,0.0,0.0,0.0,0.037052497267723083,25.561946734786034,75287,2266095
24.4,0.0,0.0,0.0,0.0,0.0,0.0,0.0,0.0,0.0,1.0,87.2,0.0,0.0,0.0,0.0,0.0,0.0,0.0,0.0,0.0,0.0,0.0,0.0,0.0,0.0,0.0,100.0,0.0,0.0,0.0,0.0,0.03695547580718994,25.531817376613617,75086,2263424
26.7,0.0,0.0,0.0,0.0,0.0,0.0,0.0,0.0,0.0,0.0,87.6,0.0,0.0,0.0,0.0,0.0,0.0,0.0,0.0,0.0,0.0,0.0,0.0,0.0,0.0,0.0,100.0,0.0,0.0,0.0,0.0,0.03702212870121002,25.58270226418972,75219,2267935
18.2,0.0,0.0,0.0,0.0,0.0,0.0,0.0,0.0,0.0,0.0,87.8,0.0,0.0,0.0,0.0,0.0,0.0,0.0,0.0,0.0,0.0,0.0,0.0,0.0,0.0,1.0,100.0,0.0,0.0,0.0,0.0,0.03703807294368744,25.640005573630333,75253,2273015
25.4,0.0,0.0,0.0,0.0,0.0,0.0,0.0,0.0,0.0,0.0,87.0,0.0,0.0,0.0,0.0,0.0,0.0,0.0,0.0,0.0,0.0,0.0,0.0,0.0,0.0,0.0,100.0,0.0,0.0,0.0,0.0,0.03705626726150513,25.65060894191265,75286,2273955
18.2,0.0,0.0,0.0,0.0,0.0,0.0,0.0,0.0,0.0,0.0,87.6,0.0,0.0,0.0,0.0,0.0,0.0,0.0,0.0,0.0,0.0,0.0,0.0,0.0,0.0,0.0,100.0,0.0,0.0,0.0,0.0,0.03698475658893585,25.565499991178513,75147,2266410
23.8,0.0,0.0,0.0,0.0,0.0,0.0,0.0,0.0,0.0,0.0,86.3,0.0,0.0,0.0,0.0,1.0,0.0,0.0,0.0,0.0,0.0,0.0,0.0,0.0,0.0,1.0,100.0,0.0,0.0,0.0,0.0,0.03711017966270447,25.62621721625328,75398,2271794
9.2,0.0,0.0,0.0,0.0,0.0,0.0,0.0,0.0,0.0,0.0,88.8,0.0,0.0,0.0,0.0,0.0,0.0,0.0,0.0,0.0,0.0,0.0,0.0,0.0,0.0,0.0,100.0,0.0,0.0,0.0,0.0,0.03707394003868103,25.6416524797678,75324,2273161
20.8,0.0,0.0,0.0,0.0,0.0,0.0,0.0,0.0,0.0,0.0,86.4,0.0,0.0,0.0,0.0,0.0,0.0,0.0,0.0,0.0,0.0,0.0,0.0,0.0,0.0,0.0,100.0,0.0,0.0,0.0,0.0,0.037077948451042175,25.594794616103172,75333,2269007
18.0,0.0,0.0,0.0,0.0,0.0,0.0,0.0,0.0,0.0,0.0,86.8,0.0,0.0,0.0,0.0,0.0,0.0,0.0,0.0,0.0,0.0,0.0,0.0,0.0,0.0,0.0,100.0,0.0,0.0,0.0,0.0,0.03713312745094299,25.578494757413864,75458,2267562
26.7,0.0,0.0,0.0,0.0,0.0,0.0,0.0,0.0,0.0,0.0,86.7,0.0,0.0,0.0,0.0,0.0,0.0,0.0,0.0,0.0,0.0,0.0,0.0,0.0,0.0,0.0,100.0,0.0,0.0,0.0,0.0,0.03711968660354614,25.61021462082863,75414,2270374
28.8,0.0,0.0,0.0,0.0,0.0,0.0,0.0,0.0,0.0,0.0,87.2,0.0,0.0,0.0,0.0,0.0,0.0,0.0,0.0,0.0,0.0,0.0,0.0,0.0,0.0,0.0,100.0,0.0,0.0,0.0,0.0,0.037070468068122864,25.637760818004608,75313,2272816
30.8,0.0,0.0,0.0,0.0,0.0,0.0,0.0,0.0,0.0,0.0,87.6,0.0,0.0,0.0,0.0,0.0,0.0,0.0,0.0,0.0,0.0,0.0,0.0,0.0,0.0,0.0,100.0,0.0,0.0,0.0,0.0,0.037016332149505615,25.58412356674671,75212,2268061
21.3,0.0,0.0,0.0,0.0,0.0,0.0,0.0,0.0,0.0,0.0,87.2,0.0,0.0,0.0,0.0,0.0,0.0,0.0,0.0,0.0,0.0,0.0,0.0,0.0,0.0,0.0,100.0,0.0,0.0,0.0,0.0,0.03705097734928131,25.577378019690514,75269,2267463
26.7,0.0,0.0,0.0,0.0,0.0,0.0,0.0,0.0,0.0,0.0,88.4,0.0,0.0,0.0,0.0,0.0,0.0,0.0,0.0,0.0,0.0,0.0,0.0,0.0,0.0,0.0,100.0,0.0,0.0,0.0,0.0,0.03704887628555298,25.68486611545086,75280,2276991
15.4,0.0,0.0,0.0,0.0,0.0,0.0,0.0,0.0,0.0,0.0,87.9,0.0,0.0,0.0,0.0,0.0,0.0,0.0,0.0,0.0,0.0,0.0,0.0,0.0,0.0,0.0,100.0,0.0,0.0,0.0,0.0,0.03717939555644989,25.707968652248383,75543,2279040
26.5,0.0,0.0,0.0,0.0,0.0,0.0,0.0,0.0,0.0,0.0,87.4,0.0,0.0,0.0,0.0,0.0,0.0,0.0,0.0,0.0,0.0,1.0,0.0,0.0,0.0,0.0,100.0,0.0,0.0,0.0,0.0,0.037190407514572144,25.626198634505272,75572,2271791
18.2,0.0,0.0,0.0,0.0,0.0,0.0,0.0,0.0,0.0,0.0,87.6,0.0,0.0,0.0,0.0,0.0,0.0,0.0,0.0,0.0,0.0,0.0,0.0,0.0,0.0,0.0,100.0,0.0,0.0,0.0,0.0,0.037156134843826294,25.654602572321892,75493,2274310
29.3,0.0,0.0,0.0,0.0,0.0,0.0,0.0,0.0,0.0,0.0,87.2,0.0,0.0,0.0,0.0,0.0,0.0,0.0,0.0,0.0,0.0,0.0,0.0,0.0,0.0,0.0,100.0,0.0,0.0,0.0,0.0,0.03722386062145233,25.642430812120438,75639,2273230
18.9,0.0,0.0,0.0,0.0,0.0,0.0,0.0,0.0,0.0,0.0,87.8,0.0,0.0,0.0,0.0,0.0,0.0,0.0,0.0,0.0,0.0,0.0,0.0,0.0,0.0,0.0,100.0,0.0,0.0,0.0,0.0,0.037188053131103516,25.684347957372665,75558,2276946
27.0,0.0,0.0,0.0,0.0,0.0,0.0,0.0,0.0,0.0,0.0,87.0,0.0,0.0,0.0,0.0,0.0,0.0,0.0,0.0,0.0,0.0,0.0,0.0,0.0,0.0,0.0,100.0,0.0,0.0,0.0,0.0,0.03717678785324097,25.62510445713997,75542,2271694
25.0,0.0,0.0,1.0,0.0,0.0,0.0,0.0,0.0,0.0,0.0,87.4,0.0,0.0,0.0,0.0,0.0,0.0,0.0,0.0,0.0,0.0,0.0,1.0,0.0,0.0,0.0,100.0,0.0,0.0,0.0,0.0,0.03717993199825287,25.708848506212234,75547,2279118
22.7,0.0,0.0,0.0,0.0,0.0,0.0,0.0,0.0,0.0,0.0,87.1,0.0,0.0,0.0,0.0,0.0,0.0,0.0,1.0,0.0,0.0,0.0,0.0,0.0,0.0,0.0,100.0,0.0,0.0,0.0,0.0,0.03711517155170441,25.65802001953125,75399,2274612
24.4,0.0,0.0,0.0,0.0,0.0,0.0,0.0,0.0,0.0,0.0,87.8,0.0,0.0,0.0,0.0,0.0,0.0,0.0,0.0,0.0,0.0,0.0,1.0,0.0,0.0,0.0,100.0,0.0,0.0,0.0,0.0,0.03708811104297638,25.53978118300438,75367,2264130
26.5,0.0,0.0,0.0,0.0,0.0,0.0,0.0,0.0,0.0,0.0,87.5,0.0,0.0,0.0,0.0,0.0,0.0,0.0,0.0,0.0,0.0,0.0,0.0,0.0,0.0,0.0,100.0,0.0,0.0,0.0,0.0,0.03708276152610779,25.633262783288956,75348,2272418
14.7,0.0,0.0,0.0,0.0,0.0,0.0,0.0,0.0,0.0,0.0,81.5,0.0,0.0,0.0,0.0,0.0,0.0,0.0,0.0,0.0,0.0,0.0,0.0,0.0,0.0,0.0,93.1,0.0,0.0,0.0,0.0,0.03483166545629501,24.066763177514076,70777,2133549
0.0,0.0,0.0,0.0,0.0,0.0,0.0,0.0,0.0,0.0,0.0,0.0,0.0,0.0,0.0,0.0,0.0,0.0,0.0,0.0,0.0,0.0,0.0,0.0,0.0,0.0,0.0,0.0,0.0,0.0,0.0,0.0,4.380941390991211e-06,3.1962990760803223e-06,4,6
0.0,0.0,0.0,0.0,0.0,0.0,0.0,0.0,0.0,0.0,0.0,0.0,0.0,0.0,0.0,0.0,0.0,0.0,0.0,0.0,0.0,0.0,0.0,0.0,0.0,0.0,0.0,0.0,0.0,0.0,0.0,0.0,7.301568984985352e-07,7.301568984985352e-07,1,1
0.0,0.0,0.0,0.0,0.0,0.0,0.0,0.0,0.0,0.0,0.0,0.0,0.0,0.0,0.0,0.0,0.0,0.0,0.0,0.0,0.0,0.0,0.0,0.0,0.0,0.0,0.0,0.0,0.0,0.0,0.0,0.0,7.301568984985352e-07,7.301568984985352e-07,1,1
0.0,0.0,0.0,0.0,0.0,0.0,0.0,0.0,0.0,0.0,0.0,0.0,0.0,0.0,0.0,0.0,0.0,0.0,0.0,0.0,0.0,0.0,0.0,0.0,0.0,0.0,0.0,0.0,0.0,0.0,0.0,0.0,7.301568984985352e-07,7.301568984985352e-07,1,1
