0.0,0.0,0.0,0.0,0.0,0.0,0.0,0.0,0.0,0.0,0.0,0.0,0.0,0.0,0.0,0.0,0.0,0.0,0.0,0.0,0.0,0.0,0.0,0.0,0.0,0.0,0.0,0.0,0.0,0.0,0.0,0.0,0.0,0.0,0,0
0.0,0.0,0.0,0.0,0.0,0.0,1.0,0.0,0.0,0.0,0.0,10.9,0.0,21.3,14.5,46.7,0.0,0.0,0.0,0.0,0.0,0.0,0.0,0.0,0.0,1.0,0.0,0.0,70.3,55.1,75.5,45.4,61.17778839170933,0.08437751233577728,5423509,171525
0.0,0.0,1.0,0.0,0.0,0.0,0.0,0.0,0.0,0.0,1.1,11.2,0.0,22.2,14.7,55.1,0.0,0.0,0.0,0.0,0.0,0.0,0.0,0.0,0.0,0.0,0.0,0.0,73.3,44.2,76.5,48.3,67.62087035179138,0.09233857691287994,5994668,187715
0.0,0.0,1.0,0.0,0.0,0.0,0.0,0.0,0.0,0.0,3.1,11.1,0.0,20.3,16.0,56.4,0.0,0.0,0.0,0.0,0.0,0.0,0.0,0.0,0.0,0.0,0.0,0.0,71.6,44.9,77.7,53.6,67.67780393362045,0.09224404394626617,5999720,187527
1.0,0.0,0.0,0.0,0.0,0.0,1.0,0.0,0.0,0.0,2.1,13.0,0.0,19.1,14.9,50.6,0.0,0.0,0.0,0.0,0.0,0.0,0.0,0.0,0.0,0.0,0.0,0.0,73.8,48.5,78.8,49.5,67.13169392943382,0.09167048335075378,5951302,186378
1.0,0.0,0.0,0.0,0.0,0.0,0.0,0.0,0.0,0.0,2.1,9.0,0.0,32.1,19.0,56.7,0.0,0.0,0.0,0.0,0.0,0.0,0.0,0.0,0.0,0.0,0.0,0.0,73.5,50.0,77.9,50.5,67.59112432599068,0.0925484448671341,5992030,188151
2.0,0.0,0.0,0.0,0.0,0.0,0.0,0.0,0.0,0.0,4.2,12.1,0.0,32.5,14.9,59.4,0.0,0.0,0.0,0.0,0.0,0.0,0.0,0.0,0.0,0.0,0.0,0.0,69.3,50.5,78.1,56.6,67.4977265149355,0.09334948658943176,5983753,189790
0.0,0.0,0.0,0.0,0.0,0.0,0.0,0.0,0.0,0.0,2.1,9.1,0.0,16.7,17.1,58.0,0.0,0.0,0.0,0.0,0.0,0.0,0.0,0.0,0.0,0.0,0.0,0.0,69.1,45.3,78.6,56.0,67.38440616428852,0.09381707012653351,5973701,190749
0.0,0.0,0.0,0.0,0.0,0.0,0.0,0.0,0.0,0.0,4.1,15.8,0.0,25.7,12.5,56.5,0.0,0.0,0.0,0.0,0.0,0.0,0.0,0.0,0.0,0.0,1.0,0.0,70.6,46.9,78.4,53.8,67.3803289681673,0.09335128962993622,5973345,189799
1.0,0.0,0.0,0.0,0.0,0.0,0.0,0.0,0.0,0.0,1.0,14.1,0.0,29.1,16.9,56.3,0.0,0.0,0.0,0.0,0.0,0.0,0.0,0.0,0.0,0.0,0.0,0.0,72.4,44.2,76.0,57.0,67.61903966963291,0.09260395169258118,5994505,188272
1.0,0.0,0.0,0.0,0.0,0.0,2.0,0.0,0.0,0.0,2.0,14.9,0.0,25.0,10.0,56.7,0.0,0.0,0.0,0.0,0.0,0.0,0.0,0.0,0.0,0.0,0.0,0.0,71.0,45.0,76.2,62.9,67.39318338036537,0.09253561496734619,5974482,188140
1.0,0.0,0.0,0.0,0.0,0.0,1.0,0.0,0.0,0.0,3.2,10.0,0.0,21.1,10.0,51.7,0.0,0.0,0.0,0.0,0.0,0.0,0.0,0.0,0.0,0.0,0.0,0.0,70.4,48.5,80.8,50.0,67.75027318298817,0.09271182119846344,6006137,188499
1.0,0.0,0.0,0.0,0.0,0.0,0.0,0.0,0.0,0.0,1.1,6.9,0.0,21.1,13.7,52.7,0.0,0.0,0.0,0.0,0.0,0.0,0.0,0.0,0.0,0.0,0.0,0.0,70.0,46.2,81.7,54.5,67.83332286775112,0.0932789295911789,6013507,189663
1.0,0.0,0.0,0.0,0.0,0.0,0.0,0.0,0.0,1.0,0.0,13.0,0.0,21.4,14.7,54.8,0.0,0.0,0.0,0.0,0.0,0.0,0.0,0.0,0.0,0.0,0.0,0.0,70.5,48.5,78.6,53.7,67.858722448349,0.09328153729438782,6015756,189644
1.0,0.0,0.0,0.0,0.0,0.0,0.0,0.0,0.0,0.0,3.2,10.0,0.0,20.3,15.8,54.6,0.0,0.0,0.0,0.0,0.0,0.0,0.0,0.0,0.0,0.0,0.0,0.0,70.7,51.5,79.2,53.1,67.91891992092133,0.09341010451316833,6021100,189922
2.9,1.0,0.0,0.0,0.0,0.0,0.0,0.0,0.0,0.0,1.1,13.8,0.0,23.6,14.9,55.3,0.0,0.0,0.0,0.0,0.0,0.0,0.0,0.0,0.0,0.0,0.0,0.0,72.7,50.0,79.2,54.5,67.68511962890625,0.09306685626506805,6000384,189241
2.9,0.0,0.0,0.0,0.0,0.0,0.0,0.0,0.0,0.0,0.0,12.1,0.0,22.2,11.1,58.0,0.0,0.0,0.0,0.0,0.0,0.0,0.0,0.0,0.0,0.0,0.0,0.0,71.0,44.4,81.7,56.6,67.82146978378296,0.09315188229084015,6012456,189391
0.0,0.0,0.0,0.0,0.0,0.0,0.0,0.0,0.0,0.0,4.1,13.8,0.0,28.6,32.3,56.1,0.0,0.0,0.0,0.0,0.0,0.0,0.0,0.0,0.0,0.0,0.0,0.0,72.4,49.5,77.8,53.1,67.84799371659756,0.09279437363147736,6014799,188657
1.0,0.0,0.0,0.0,0.0,0.0,0.0,1.0,0.0,0.0,1.1,13.0,0.0,20.3,21.0,53.4,0.0,0.0,0.0,0.0,0.0,0.0,0.0,0.0,0.0,0.0,0.0,0.0,73.5,48.5,80.8,51.6,67.8292393386364,0.09324949979782104,6013142,189604
0.0,0.0,0.0,0.0,0.0,1.0,0.0,0.0,0.0,0.0,2.1,13.2,0.0,17.9,12.0,54.3,0.0,0.0,0.0,0.0,0.0,0.0,0.0,0.0,0.0,0.0,0.0,0.0,72.7,41.0,81.6,55.1,67.96595905721188,0.09247422218322754,6025259,188016
0.0,0.0,0.0,0.0,0.0,0.0,0.0,0.0,0.0,0.0,0.0,12.0,0.0,27.6,17.9,53.3,0.0,0.0,0.0,0.0,0.0,0.0,0.0,0.0,0.0,0.0,0.0,0.0,71.3,43.8,77.7,61.0,67.61266681551933,0.09280353784561157,5993938,188684
1.0,0.0,0.0,0.0,0.0,0.0,0.0,1.0,0.0,0.0,2.1,14.0,0.0,25.0,16.7,51.8,0.0,0.0,0.0,0.0,0.0,0.0,0.0,0.0,0.0,0.0,0.0,0.0,72.4,37.2,76.5,60.8,67.82261542975903,0.09284080564975739,6012551,188739
0.0,0.0,0.0,0.0,0.0,0.0,0.0,2.0,0.0,0.0,1.1,11.0,0.0,23.6,13.5,52.7,0.0,0.0,0.0,0.0,0.0,0.0,0.0,0.0,0.0,0.0,1.0,0.0,74.8,44.9,78.1,54.7,67.76825021207333,0.09295131266117096,6007731,188997
0.0,0.0,0.0,0.0,0.0,0.0,0.0,0.0,0.0,0.0,1.1,12.9,0.0,18.8,16.9,50.0,0.0,0.0,0.0,0.0,0.0,0.0,0.0,0.0,0.0,0.0,0.0,0.0,73.3,46.9,77.8,54.0,67.0359416604042,0.09202781319618225,5942836,187054
1.0,0.0,0.0,0.0,0.0,0.0,0.0,0.0,0.0,0.0,5.3,10.9,0.0,22.2,13.5,53.2,0.0,0.0,0.0,0.0,0.0,0.0,0.0,0.0,0.0,0.0,0.0,0.0,72.6,50.0,84.3,52.9,67.79791082441807,0.09321132302284241,6010405,189502
0.0,0.0,0.0,0.0,0.0,0.0,0.0,0.0,0.0,0.0,1.1,10.0,0.0,24.3,13.7,55.8,0.0,0.0,0.0,0.0,0.0,0.0,0.0,0.0,0.0,0.0,0.0,0.0,72.3,51.0,79.2,54.2,67.69722996652126,0.09362395107746124,6001443,190337
1.0,0.0,0.0,0.0,0.0,1.0,0.0,0.0,0.0,0.0,2.1,11.0,0.0,30.4,17.1,52.7,0.0,0.0,0.0,0.0,0.0,0.0,0.0,0.0,0.0,0.0,0.0,0.0,71.7,49.5,76.9,57.0,67.2801415771246,0.09301550686359406,5964463,189091
0.0,0.0,0.0,0.0,0.0,0.0,0.0,0.0,0.0,0.0,2.1,11.0,0.0,24.7,19.5,55.7,0.0,0.0,0.0,0.0,0.0,0.0,0.0,0.0,0.0,0.0,0.0,0.0,71.4,46.2,80.4,50.5,67.90209749341011,0.0940612405538559,6019610,191259
0.0,0.0,0.0,0.0,0.0,0.0,0.0,0.0,0.0,0.0,1.1,11.0,0.0,30.0,16.0,53.3,0.0,0.0,0.0,0.0,0.0,0.0,0.0,0.0,0.0,0.0,0.0,0.0,71.4,45.7,78.6,48.4,67.34878742694855,0.0927865207195282,5970560,188618
1.0,0.0,0.0,0.0,0.0,0.0,0.0,0.0,0.0,0.0,3.1,14.0,0.0,29.5,18.2,53.8,0.0,0.0,0.0,0.0,0.0,0.0,0.0,0.0,0.0,0.0,0.0,0.0,74.3,50.0,81.0,53.1,67.81429897248745,0.0932067483663559,6011819,189497
1.0,0.0,0.0,0.0,0.0,0.0,0.0,0.0,0.0,0.0,1.0,11.1,0.0,34.9,12.5,53.8,0.0,0.0,0.0,0.0,0.0,0.0,0.0,0.0,0.0,0.0,0.0,0.0,74.7,48.0,78.1,53.5,68.09762686491013,0.09269583225250244,6036940,188470
0.0,0.0,0.0,0.0,0.0,1.0,0.0,0.0,0.0,0.0,2.1,12.1,0.0,25.3,12.3,57.0,0.0,0.0,0.0,0.0,0.0,0.0,0.0,0.0,0.0,0.0,0.0,0.0,71.3,46.9,82.1,53.1,67.7153909355402,0.09335039556026459,6003045,189791
0.0,0.0,0.0,0.0,0.0,1.0,0.0,0.0,0.0,0.0,1.1,12.0,0.0,22.9,13.5,54.3,0.0,0.0,0.0,0.0,0.0,0.0,0.0,0.0,0.0,0.0,0.0,0.0,71.0,46.9,77.9,60.4,67.74208396673203,0.0935814380645752,6005420,190250
1.0,0.0,0.0,0.0,0.0,0.0,0.0,0.0,0.0,0.0,0.0,14.7,0.0,19.1,22.2,53.3,0.0,0.0,0.0,0.0,0.0,0.0,0.0,1.0,0.0,0.0,0.0,0.0,70.5,46.8,79.8,51.1,68.09683798253536,0.09395144879817963,6036859,191013
0.0,0.0,0.0,0.0,0.0,1.0,0.0,0.0,0.0,0.0,1.1,10.1,0.0,25.7,17.9,53.4,0.0,0.0,0.0,0.0,0.0,0.0,0.0,0.0,0.0,0.0,0.0,0.0,72.0,43.5,79.6,55.1,68.04201990365982,0.09386985003948212,6032008,190845
1.0,0.0,0.0,0.0,0.0,0.0,0.0,0.0,0.0,0.0,2.1,10.1,0.0,24.7,20.3,54.3,0.0,0.0,0.0,0.0,0.0,0.0,0.0,0.0,0.0,0.0,0.0,0.0,69.8,51.0,79.4,58.4,67.98684476315975,0.09372009336948395,6027119,190553
2.0,0.0,0.0,0.0,0.0,0.0,0.0,0.0,0.0,0.0,1.1,9.0,0.0,27.3,15.8,54.7,0.0,0.0,0.0,0.0,0.0,1.0,0.0,0.0,0.0,0.0,0.0,0.0,71.7,48.4,77.1,52.7,67.35696376860142,0.09297578036785126,5971273,189029
2.0,0.0,0.0,0.0,0.0,0.0,0.0,0.0,0.0,0.0,0.0,10.0,0.0,32.1,15.8,56.2,0.0,0.0,0.0,0.0,0.0,0.0,0.0,0.0,0.0,0.0,0.0,0.0,71.7,43.5,79.0,51.1,67.46804015338421,0.09329359233379364,5981123,189679
1.0,0.0,0.0,0.0,0.0,0.0,0.0,0.0,0.0,0.0,1.1,6.9,0.0,19.1,11.1,55.9,0.0,0.0,0.0,0.0,0.0,1.0,0.0,0.0,0.0,0.0,0.0,0.0,73.3,45.0,78.2,57.4,67.55461141467094,0.09304125607013702,5988790,189169
0.0,0.0,0.0,0.0,0.0,0.0,0.0,0.0,0.0,0.0,2.1,7.0,0.0,25.7,11.3,53.3,0.0,0.0,0.0,0.0,0.0,0.0,0.0,1.0,0.0,0.0,0.0,0.0,71.3,51.0,77.9,56.6,68.12581345438957,0.09389205276966095,6039438,190891
0.0,0.0,0.0,0.0,0.0,0.0,0.0,0.0,0.0,0.0,3.2,12.9,0.0,29.9,17.1,55.7,0.0,0.0,0.0,0.0,0.0,0.0,0.0,0.0,0.0,0.0,0.0,0.0,71.6,47.4,80.8,54.3,68.0068770647049,0.09465473890304565,6028896,192448
0.0,0.0,0.0,0.0,0.0,0.0,0.0,0.0,0.0,0.0,2.1,12.8,0.0,20.0,14.9,54.3,0.0,0.0,0.0,0.0,0.0,0.0,0.0,0.0,0.0,0.0,0.0,0.0,71.4,49.5,80.0,47.9,67.46582581102848,0.09303826093673706,5980925,189134
2.0,0.0,0.0,0.0,0.0,0.0,0.0,0.0,0.0,0.0,2.1,11.0,0.0,16.2,14.9,55.7,0.0,0.0,0.0,0.0,0.0,0.0,0.0,0.0,0.0,0.0,0.0,0.0,70.8,54.4,80.4,53.6,67.99555215239525,0.09443105757236481,6027890,191999
0.0,0.0,0.0,0.0,0.0,0.0,0.0,0.0,0.0,0.0,4.3,6.9,0.0,17.4,17.1,54.3,0.0,0.0,0.0,0.0,0.0,0.0,0.0,0.0,0.0,0.0,0.0,0.0,68.0,52.0,83.2,50.0,68.05123347043991,0.09287503361701965,6032848,188844
0.0,0.0,0.0,0.0,1.0,0.0,0.0,0.0,0.0,0.0,4.3,11.8,0.0,16.4,13.3,50.6,0.0,0.0,0.0,0.0,0.0,0.0,0.0,0.0,0.0,0.0,0.0,0.0,71.7,41.5,83.5,52.5,67.76836439967155,0.09170687198638916,6007750,186440
0.0,0.0,0.0,0.0,0.0,0.0,0.0,0.0,0.0,0.0,4.1,10.1,0.0,23.0,13.5,55.8,0.0,0.0,0.0,0.0,1.0,0.0,0.0,0.0,0.0,0.0,0.0,0.0,71.8,49.5,81.3,54.5,68.43033562600613,0.0933728963136673,6066435,189857
1.0,1.0,0.0,0.0,0.0,0.0,0.0,0.0,0.0,0.0,1.1,12.9,0.0,17.6,11.3,52.7,0.0,0.0,0.0,0.0,0.0,0.0,0.0,0.0,0.0,0.0,0.0,0.0,69.8,50.5,78.8,53.1,67.6310363560915,0.09225581586360931,5995569,187553
2.0,0.0,0.0,0.0,0.0,0.0,0.0,0.0,0.0,0.0,2.1,10.0,0.0,14.1,18.2,51.6,0.0,0.0,0.0,0.0,0.0,0.0,0.0,0.0,0.0,0.0,0.0,0.0,73.3,52.2,80.0,43.8,68.63901373744011,0.09348268806934357,6084930,190087
1.0,0.0,0.0,0.0,1.0,0.0,0.0,0.0,0.0,0.0,2.1,12.1,0.0,45.5,13.3,52.3,0.0,0.0,0.0,0.0,0.0,0.0,0.0,0.0,0.0,0.0,0.0,0.0,70.7,36.4,79.4,50.0,67.66270722448826,0.09256452322006226,5998381,188202
1.0,1.0,0.0,0.0,0.0,0.0,0.0,0.0,0.0,0.0,1.1,10.9,0.0,30.0,20.0,51.1,0.0,0.0,0.0,0.0,0.0,0.0,0.0,0.0,0.0,0.0,0.0,0.0,75.5,43.8,80.4,43.3,67.98804281651974,0.09229592978954315,6027219,187641
0.0,1.0,0.0,0.0,0.0,0.0,0.0,0.0,0.0,0.0,3.1,13.7,0.0,22.9,12.5,53.3,0.0,0.0,0.0,0.0,0.0,0.0,0.0,0.0,0.0,0.0,0.0,0.0,73.0,45.9,77.1,57.1,67.89281767606735,0.09233653545379639,6018776,187742
0.0,0.0,0.0,0.0,0.0,0.0,0.0,0.0,0.0,0.0,2.1,14.0,0.0,36.4,21.0,51.7,0.0,0.0,0.0,0.0,0.0,0.0,0.0,0.0,0.0,0.0,0.0,0.0,71.4,44.7,78.7,55.4,67.84796911478043,0.09254083037376404,6014800,188136
0.0,0.0,0.0,0.0,1.0,0.0,0.0,0.0,0.0,0.0,1.1,11.1,0.0,24.7,12.5,54.6,0.0,0.0,0.0,0.0,0.0,0.0,0.0,1.0,0.0,0.0,0.0,0.0,73.8,48.5,82.0,47.3,67.99152979254723,0.0932646244764328,6027526,189629
1.0,0.0,0.0,0.0,0.0,0.0,0.0,0.0,0.0,0.0,4.3,10.9,0.0,25.3,24.7,58.0,0.0,0.0,0.0,0.0,0.0,0.0,0.0,0.0,0.0,0.0,0.0,0.0,72.0,41.5,82.9,50.5,68.13587485253811,0.09377239644527435,6040331,190663
0.0,0.0,0.0,0.0,0.0,0.0,0.0,0.0,0.0,0.0,1.0,12.9,0.0,24.7,23.8,54.3,0.0,1.0,0.0,0.0,0.0,0.0,0.0,0.0,0.0,0.0,0.0,0.0,73.2,45.9,77.7,55.4,67.99937483668327,0.09319764375686646,6028226,189468
1.0,0.0,0.0,0.0,0.0,0.0,0.0,0.0,0.0,0.0,2.1,12.0,0.0,27.6,14.7,54.7,0.0,0.0,0.0,0.0,0.0,0.0,0.0,0.0,0.0,0.0,0.0,0.0,74.0,45.5,77.2,59.2,67.21521893143654,0.09084537625312805,5958718,184686
2.9,0.0,0.0,0.0,0.0,0.0,0.0,0.0,0.0,0.0,0.0,13.8,0.0,26.3,11.1,58.6,0.0,0.0,0.0,0.0,0.0,0.0,0.0,0.0,0.0,0.0,0.0,0.0,71.7,42.4,76.5,61.8,67.195581138134,0.09134864807128906,5956968,185704
2.0,0.0,0.0,0.0,0.0,0.0,0.0,0.0,0.0,0.0,2.1,13.8,0.0,20.3,17.9,56.1,0.0,0.0,0.0,0.0,0.0,1.0,0.0,0.0,0.0,0.0,0.0,0.0,73.5,42.6,79.6,50.5,67.88545359671116,0.0922241061925888,6018137,187513
2.9,0.0,0.0,0.0,0.0,0.0,0.0,0.0,0.0,0.0,1.1,11.8,0.0,33.7,9.9,56.7,0.0,0.0,0.0,0.0,0.0,0.0,0.0,0.0,0.0,0.0,0.0,0.0,74.3,47.0,78.8,45.2,67.678547590971,0.09137219190597534,5999782,185776
0.0,0.0,0.0,0.0,0.0,0.0,0.0,0.0,0.0,0.0,2.1,15.6,0.0,22.5,13.7,51.7,0.0,0.0,0.0,0.0,0.0,1.0,0.0,0.0,0.0,0.0,0.0,0.0,74.3,44.1,77.9,54.2,68.2522813230753,0.09298504889011383,6050653,189053
0.0,0.0,0.0,0.0,0.0,0.0,0.0,0.0,0.0,0.0,2.1,12.6,0.0,18.3,11.0,52.1,0.0,0.0,0.0,0.0,0.0,0.0,0.0,0.0,0.0,0.0,0.0,0.0,71.0,44.6,76.2,44.1,64.37387752532959,0.0885409265756607,5706863,180014
0.0,0.0,0.0,0.0,0.0,0.0,0.0,0.0,0.0,0.0,0.0,0.0,0.0,0.0,0.0,0.0,0.0,0.0,0.0,0.0,0.0,0.0,0.0,0.0,0.0,0.0,0.0,0.0,0.0,0.0,0.0,0.0,1.0594725608825684e-05,1.484900712966919e-05,21,12
0.0,0.0,0.0,0.0,0.0,0.0,0.0,0.0,0.0,0.0,0.0,0.0,0.0,0.0,0.0,0.0,0.0,0.0,0.0,0.0,0.0,0.0,0.0,0.0,0.0,0.0,0.0,0.0,0.0,0.0,0.0,0.0,7.301568984985352e-07,7.301568984985352e-07,1,1
0.0,0.0,0.0,0.0,0.0,0.0,0.0,0.0,0.0,0.0,0.0,0.0,0.0,0.0,0.0,0.0,0.0,0.0,0.0,0.0,0.0,0.0,0.0,0.0,0.0,0.0,0.0,0.0,0.0,0.0,0.0,0.0,7.301568984985352e-07,7.301568984985352e-07,1,1
0.0,0.0,0.0,0.0,0.0,0.0,0.0,0.0,0.0,0.0,0.0,0.0,0.0,0.0,0.0,0.0,0.0,0.0,0.0,0.0,0.0,0.0,0.0,0.0,0.0,0.0,0.0,0.0,0.0,0.0,0.0,0.0,7.301568984985352e-07,7.301568984985352e-07,1,1
