0.0,0.0,0.0,0.0,0.0,0.0,0.0,0.0,0.0,0.0,0.0,0.0,0.0,0.0,0.0,0.0,0.0,0.0,0.0,0.0,0.0,0.0,0.0,0.0,0.0,0.0,0.0,0.0,0.0,0.0,0.0,0.0,2.8520822525024414e-05,0.022458836436271667,58,1991
3.8,0.0,0.0,0.0,0.0,0.0,0.0,0.0,0.0,0.0,0.0,0.0,68.8,73.8,69.9,72.5,0.0,0.0,0.0,0.0,0.0,0.0,0.0,1.0,0.0,0.0,0.0,0.0,66.0,69.8,64.2,66.3,0.09177720546722412,66.8632963001728,186574,5927510
2.9,2.0,0.0,0.0,0.0,0.0,0.0,0.0,0.0,0.0,0.0,0.0,71.6,69.3,70.2,73.0,0.0,2.0,0.0,1.0,0.0,0.0,0.0,0.0,0.0,0.0,0.0,0.0,70.0,65.0,67.3,68.1,0.09231485426425934,67.70610338449478,187681,6002224
5.7,1.0,0.0,0.0,0.0,0.0,0.0,0.0,0.0,0.0,0.0,0.0,71.2,71.8,67.0,72.0,0.0,0.0,0.0,0.0,0.0,0.0,0.0,0.0,0.0,0.0,0.0,0.0,69.4,66.7,64.2,65.9,0.09238633513450623,67.64764073491096,187818,5997046
7.5,0.0,0.0,0.0,0.0,0.0,0.0,0.0,0.0,0.0,0.0,0.0,72.5,70.0,70.2,72.4,0.0,0.0,0.0,0.0,0.0,0.0,0.0,0.0,0.0,0.0,0.0,0.0,69.4,66.0,66.3,68.9,0.0917188972234726,67.14047878980637,186473,5952084
4.8,0.0,0.0,0.0,0.0,0.0,0.0,0.0,0.0,0.0,0.0,0.0,70.9,73.1,68.6,72.5,0.0,1.0,0.0,0.0,0.0,0.0,0.0,0.0,0.0,0.0,0.0,0.0,68.4,68.3,66.3,68.0,0.09283432364463806,67.66225998103619,188733,5998334
7.4,0.0,0.0,0.0,0.0,0.0,0.0,0.0,0.0,0.0,0.0,0.0,68.6,73.1,71.2,74.5,0.0,0.0,0.0,0.0,0.0,0.0,0.0,0.0,0.0,0.0,0.0,0.0,60.4,67.4,68.0,69.9,0.0933523029088974,67.37911543250084,189791,5973238
7.5,1.0,0.0,0.0,0.0,0.0,0.0,0.0,0.0,0.0,0.0,0.0,69.3,71.8,71.0,75.5,0.0,1.0,0.0,0.0,0.0,0.0,0.0,0.0,0.0,0.0,0.0,0.0,63.8,68.3,66.3,69.1,0.09423361718654633,67.61862780153751,191607,5994465
7.5,0.0,0.0,0.0,0.0,0.0,0.0,0.0,0.0,0.0,0.0,0.0,70.3,71.8,71.4,73.8,0.0,0.0,0.0,0.0,0.0,0.0,0.0,0.0,0.0,0.0,0.0,0.0,64.9,65.6,65.0,69.8,0.09273684024810791,67.16897225379944,188536,5954608
7.5,0.0,0.0,0.0,0.0,0.0,0.0,0.0,0.0,0.0,0.0,0.0,71.4,72.6,66.3,74.8,0.0,0.0,0.0,0.0,0.0,0.0,0.0,0.0,0.0,0.0,0.0,0.0,68.0,63.9,62.0,71.4,0.09277920424938202,67.67760691046715,188631,5999698
2.9,0.0,0.0,0.0,0.0,0.0,0.0,0.0,0.0,0.0,0.0,0.0,69.0,71.4,66.3,75.0,0.0,0.0,0.0,0.0,0.0,0.0,0.0,0.0,0.0,0.0,0.0,0.0,68.7,64.3,63.7,71.1,0.09229138493537903,67.40651015937328,187646,5975663
3.9,1.0,0.0,0.0,0.0,0.0,0.0,0.0,0.0,0.0,0.0,0.0,70.0,71.6,72.0,73.4,0.0,0.0,0.0,0.0,0.0,0.0,0.0,0.0,0.0,0.0,0.0,0.0,64.9,66.7,68.0,68.4,0.09331145882606506,67.90901297330856,189722,6020208
6.6,0.0,0.0,0.0,0.0,0.0,0.0,0.0,0.0,0.0,0.0,0.0,70.4,73.3,70.6,73.3,0.0,1.0,0.0,0.0,0.0,0.0,0.0,0.0,0.0,0.0,0.0,0.0,65.3,67.3,63.8,68.8,0.09349891543388367,67.9525656402111,190114,6024078
5.7,0.0,0.0,0.0,0.0,0.0,0.0,0.0,0.0,0.0,0.0,0.0,71.3,70.7,68.9,72.0,0.0,0.0,0.0,0.0,0.0,0.0,0.0,0.0,0.0,0.0,0.0,0.0,68.8,64.1,65.0,69.7,0.09282054007053375,67.65512670576572,188697,5997709
9.2,0.0,0.0,0.0,0.0,0.0,0.0,0.0,0.0,0.0,0.0,0.0,69.4,72.8,68.3,72.1,0.0,1.0,0.0,0.0,0.0,0.0,0.0,0.0,0.0,0.0,0.0,0.0,67.3,67.4,61.5,68.1,0.0934181660413742,67.79734194278717,189947,6010320
8.3,0.0,0.0,0.0,0.0,0.0,0.0,0.0,0.0,0.0,0.0,0.0,69.1,71.0,70.9,72.4,0.0,0.0,0.0,0.0,0.0,0.0,0.0,0.0,0.0,0.0,0.0,0.0,66.7,64.9,66.7,67.0,0.09288594126701355,67.71886996924877,188854,6003383
10.8,0.0,0.0,0.0,0.0,0.0,0.0,0.0,0.0,0.0,0.0,0.0,69.7,71.0,70.2,73.1,0.0,1.0,0.0,0.0,0.0,0.0,0.0,0.0,0.0,0.0,0.0,0.0,67.7,64.1,63.0,69.4,0.09304007887840271,67.75308702886105,189168,6006387
5.7,0.0,0.0,0.0,0.0,0.0,0.0,0.0,0.0,0.0,0.0,0.0,72.8,73.8,70.1,72.0,0.0,0.0,0.0,0.0,0.0,0.0,0.0,0.0,0.0,0.0,0.0,0.0,69.8,69.3,62.6,68.0,0.09309880435466766,67.98300492763519,189283,6026768
4.8,0.0,0.0,0.0,0.0,0.0,0.0,0.0,0.0,0.0,0.0,0.0,71.8,70.9,68.0,72.5,0.0,1.0,0.0,0.0,0.0,0.0,0.0,0.0,0.0,0.0,0.0,0.0,68.8,64.6,63.3,67.4,0.09339702129364014,68.0215473473072,189908,6030190
3.9,1.0,0.0,0.0,0.0,0.0,0.0,0.0,0.0,0.0,0.0,0.0,70.6,68.0,72.0,74.3,0.0,0.0,0.0,0.0,0.0,0.0,0.0,0.0,0.0,0.0,0.0,0.0,68.3,62.5,66.7,70.1,0.09239743649959564,67.65559621155262,187849,5997745
9.2,0.0,0.0,0.0,0.0,0.0,0.0,0.0,0.0,0.0,0.0,0.0,70.6,70.3,70.5,74.3,0.0,0.0,0.0,0.0,0.0,0.0,0.0,0.0,0.0,0.0,0.0,0.0,68.7,64.3,62.4,71.6,0.0931413471698761,68.18253327906132,189388,6044457
3.8,1.0,0.0,0.0,0.0,0.0,0.0,0.0,0.0,0.0,0.0,0.0,71.8,69.2,68.0,76.2,0.0,0.0,0.0,0.0,0.0,0.0,0.0,0.0,0.0,0.0,0.0,0.0,69.6,63.1,63.0,73.1,0.09290160238742828,67.53190265595913,188861,5986779
3.9,1.0,0.0,0.0,0.0,0.0,0.0,0.0,0.0,0.0,0.0,0.0,73.4,72.6,67.6,72.1,0.0,1.0,0.0,0.0,0.0,0.0,0.0,0.0,0.0,0.0,0.0,0.0,72.2,66.3,60.6,67.7,0.09184743463993073,67.02266702055931,186709,5941654
5.7,1.0,0.0,0.0,0.0,0.0,0.0,0.0,0.0,0.0,0.0,0.0,71.2,71.7,70.2,72.8,0.0,0.0,0.0,0.0,0.0,0.0,0.0,0.0,0.0,0.0,0.0,0.0,68.0,65.3,65.6,65.9,0.09292377531528473,67.78818605840206,188913,6009539
8.3,0.0,0.0,0.0,0.0,0.0,0.0,0.0,0.0,0.0,0.0,0.0,71.2,73.1,70.5,70.4,0.0,1.0,0.0,0.0,0.0,0.0,0.0,0.0,0.0,0.0,0.0,0.0,66.7,67.4,65.6,65.3,0.09366416931152344,67.95936940610409,190428,6024683
5.7,0.0,0.0,0.0,0.0,0.0,0.0,0.0,0.0,0.0,0.0,0.0,70.6,73.1,69.4,72.8,0.0,2.0,0.0,0.0,0.0,0.0,0.0,0.0,0.0,0.0,0.0,0.0,64.9,67.7,61.2,68.1,0.09307102859020233,67.26927842199802,189195,5963505
7.5,1.0,0.0,0.0,0.0,0.0,0.0,0.0,0.0,0.0,0.0,0.0,70.6,73.1,65.3,74.5,0.0,0.0,0.0,0.0,0.0,0.0,0.0,0.0,0.0,0.0,0.0,0.0,64.0,68.3,60.2,70.2,0.09343574941158295,67.5135836750269,189961,5985165
7.5,2.0,0.0,0.0,0.0,0.0,0.0,0.0,0.0,0.0,0.0,0.0,70.9,72.7,69.2,74.3,0.0,0.0,0.0,0.0,0.0,0.0,0.0,0.0,0.0,0.0,0.0,0.0,67.0,65.9,63.3,67.0,0.09387902915477753,67.7461608350277,190879,6005786
6.5,1.0,0.0,0.0,0.0,0.0,0.0,0.0,0.0,0.0,0.0,0.0,71.3,72.1,69.3,71.6,0.0,0.0,0.0,0.0,0.0,0.0,0.0,0.0,0.0,0.0,0.0,0.0,66.3,67.3,65.0,66.7,0.09241259098052979,67.2736745774746,187846,5963894
6.6,0.0,0.0,0.0,0.0,0.0,0.0,0.0,0.0,0.0,0.0,0.0,70.7,72.6,69.8,73.1,0.0,0.0,0.0,0.0,0.0,0.0,0.0,0.0,0.0,0.0,0.0,0.0,66.3,67.7,62.4,66.3,0.0934256911277771,68.01831521093845,189958,6029905
4.8,1.0,0.0,0.0,0.0,0.0,0.0,0.0,0.0,0.0,0.0,0.0,74.0,72.5,69.2,73.4,0.0,0.0,0.0,0.0,0.0,0.0,0.0,0.0,0.0,0.0,0.0,0.0,71.1,67.0,62.9,66.0,0.09338940680027008,68.3535966873169,189889,6059632
6.6,1.0,0.0,0.0,0.0,0.0,0.0,0.0,0.0,0.0,0.0,0.0,70.2,71.6,67.7,73.3,0.0,0.0,0.0,0.0,0.0,0.0,0.0,0.0,0.0,0.0,0.0,0.0,67.3,64.5,63.8,69.8,0.09293782711029053,67.44131051003933,188946,5978751
8.3,1.0,0.0,0.0,0.0,0.0,0.0,0.0,0.0,0.0,0.0,0.0,70.9,70.7,66.0,75.0,0.0,0.0,0.0,0.0,0.0,0.0,0.0,0.0,0.0,0.0,0.0,0.0,67.3,66.7,61.3,70.2,0.09378300607204437,67.88039615750313,190665,6017678
7.4,0.0,0.0,0.0,0.0,0.0,0.0,0.0,0.0,0.0,0.0,0.0,71.3,73.6,71.3,70.0,0.0,1.0,0.0,0.0,0.0,0.0,0.0,0.0,0.0,0.0,0.0,0.0,65.6,65.9,64.9,66.3,0.09381215274333954,68.02311073243618,190729,6030323
7.5,0.0,0.0,0.0,0.0,0.0,0.0,0.0,0.0,0.0,0.0,0.0,69.4,71.0,70.5,73.3,0.0,0.0,0.0,0.0,0.0,0.0,0.0,0.0,0.0,0.0,0.0,0.0,65.6,65.7,61.8,70.3,0.09331566095352173,67.73802082240582,189710,6005063
8.3,1.0,0.0,0.0,0.0,0.0,0.0,0.0,0.0,0.0,0.0,0.0,71.2,73.1,70.5,74.3,0.0,1.0,0.0,0.0,0.0,0.0,0.0,0.0,0.0,0.0,0.0,0.0,67.0,66.3,64.2,69.5,0.09400095045566559,68.07096168398857,191123,6034574
8.3,1.0,0.0,0.0,0.0,0.0,0.0,0.0,0.0,0.0,0.0,0.0,71.4,71.0,67.6,71.1,0.0,0.0,0.0,0.0,0.0,0.0,0.0,0.0,0.0,0.0,0.0,0.0,68.4,65.2,62.6,67.0,0.09317173063755035,67.42826341092587,189435,5977591
5.7,0.0,0.0,0.0,0.0,0.0,0.0,0.0,0.0,0.0,0.0,0.0,71.0,72.4,69.6,72.5,0.0,1.0,0.0,0.0,0.0,0.0,0.0,0.0,0.0,0.0,0.0,0.0,67.0,66.3,63.2,69.1,0.09299971163272858,67.32356269657612,189076,5968316
9.2,0.0,0.0,0.0,0.0,0.0,0.0,0.0,0.0,0.0,0.0,0.0,70.3,71.4,69.5,73.8,0.0,0.0,0.0,0.0,0.0,0.0,0.0,0.0,0.0,0.0,0.0,0.0,67.7,64.9,63.9,71.1,0.0929562896490097,67.48428305983543,188987,5982562
2.9,1.0,0.0,0.0,0.0,0.0,0.0,0.0,0.0,0.0,0.0,0.0,71.3,72.5,65.3,74.8,0.0,0.0,0.0,0.0,0.0,0.0,0.0,0.0,0.0,0.0,0.0,0.0,66.3,67.0,60.8,71.0,0.09429904818534851,68.23932339251041,191726,6049505
4.8,0.0,0.0,0.0,0.0,0.0,0.0,0.0,0.0,0.0,0.0,0.0,70.7,71.8,69.0,72.0,0.0,1.0,0.0,0.0,0.0,0.0,0.0,0.0,0.0,0.0,0.0,0.0,66.0,65.6,63.5,68.0,0.09413193166255951,67.72419211268425,191367,6003826
3.9,1.0,0.0,0.0,0.0,0.0,0.0,0.0,0.0,0.0,0.0,0.0,69.7,72.3,68.9,70.0,0.0,0.0,0.0,0.0,0.0,0.0,0.0,0.0,0.0,0.0,0.0,0.0,65.6,67.0,64.6,68.3,0.09322012960910797,67.62099993228912,189523,5994680
4.8,0.0,0.0,0.0,0.0,0.0,0.0,0.0,0.0,0.0,0.0,0.0,68.6,74.5,72.4,71.0,0.0,2.0,0.0,0.0,0.0,0.0,0.0,1.0,0.0,0.0,0.0,0.0,60.9,67.0,67.0,69.4,0.09479320049285889,68.24092356860638,192740,6049647
5.7,0.0,0.0,0.0,0.0,0.0,0.0,0.0,0.0,0.0,0.0,0.0,67.7,72.3,71.4,70.1,0.0,0.0,0.0,0.0,0.0,0.0,0.0,0.0,0.0,0.0,0.0,0.0,65.3,68.0,70.8,66.0,0.09217323362827301,67.88585528731346,187413,6018186
8.3,1.0,0.0,0.0,0.0,0.0,0.0,0.0,0.0,0.0,0.0,0.0,70.2,70.9,71.4,72.6,0.0,1.0,0.0,0.0,0.0,0.0,0.0,0.0,0.0,0.0,0.0,0.0,69.5,62.5,68.8,68.4,0.09235194325447083,68.16796389222145,187762,6043178
17.5,0.0,0.0,0.0,0.0,0.0,0.0,0.0,0.0,0.0,0.0,0.0,70.2,71.7,71.0,71.6,0.0,1.0,0.0,0.0,0.0,0.0,0.0,0.0,0.0,0.0,0.0,0.0,68.7,65.2,64.5,67.0,0.09314599633216858,68.15932469069958,189388,6042403
9.9,0.0,0.0,0.0,0.0,0.0,0.0,0.0,0.0,0.0,0.0,0.0,72.4,73.6,69.5,71.8,0.0,1.0,0.0,0.0,0.0,0.0,0.0,0.0,0.0,0.0,0.0,0.0,69.7,66.7,64.6,69.3,0.09239214658737183,67.58043166995049,187834,5991086
16.8,0.0,0.0,0.0,0.0,0.0,0.0,0.0,0.0,0.0,0.0,0.0,73.1,75.5,67.0,71.6,0.0,0.0,0.0,0.0,0.0,0.0,0.0,0.0,0.0,0.0,0.0,0.0,72.0,69.8,63.9,66.0,0.09313534200191498,68.52793961763382,189377,6075080
13.9,0.0,0.0,0.0,0.0,0.0,0.0,0.0,0.0,0.0,0.0,0.0,71.6,70.6,72.2,72.4,0.0,0.0,0.0,0.0,0.0,0.0,0.0,0.0,0.0,0.0,0.0,0.0,70.1,61.1,66.0,65.9,0.09294620156288147,68.02147641777992,188982,6030190
13.9,0.0,0.0,0.0,0.0,0.0,0.0,0.0,0.0,0.0,0.0,0.0,73.3,71.2,64.9,71.6,0.0,2.0,0.0,0.0,0.0,0.0,0.0,0.0,0.0,0.0,0.0,0.0,74.0,60.9,59.8,66.7,0.09194421768188477,67.65153874456882,186924,5997385
10.7,0.0,0.0,0.0,0.0,0.0,0.0,0.0,0.0,0.0,0.0,0.0,71.6,72.8,67.3,75.9,0.0,1.0,0.0,0.0,0.0,0.0,0.0,0.0,0.0,0.0,0.0,0.0,69.6,66.7,58.2,72.5,0.09289322793483734,68.06984020769596,188879,6034469
9.2,0.0,0.0,0.0,0.0,0.0,0.0,0.0,0.0,0.0,0.0,0.0,68.0,71.0,68.6,74.8,0.0,0.0,0.0,0.0,0.0,0.0,0.0,0.0,0.0,0.0,0.0,0.0,68.0,62.8,65.3,72.7,0.09216684103012085,67.63375851511955,187368,5995810
13.2,0.0,0.0,0.0,0.0,0.0,0.0,0.0,0.0,0.0,0.0,0.0,72.6,72.6,69.9,71.8,0.0,1.0,0.0,0.0,0.0,0.0,0.0,0.0,0.0,0.0,0.0,0.0,68.1,66.3,67.3,66.3,0.09327475726604462,67.92659965157509,189643,6021774
14.7,1.0,0.0,0.0,0.0,0.0,0.0,0.0,0.0,0.0,0.0,0.0,71.3,72.1,71.4,73.8,0.0,1.0,0.0,0.0,0.0,0.0,0.0,0.0,0.0,0.0,0.0,0.0,67.7,62.6,62.8,66.3,0.09396636486053467,68.37679421901703,191056,6061692
11.5,0.0,0.0,0.0,0.0,0.0,0.0,0.0,0.0,0.0,0.0,0.0,71.3,70.6,67.0,74.3,0.0,0.0,0.0,0.0,0.0,0.0,0.0,0.0,0.0,0.0,0.0,0.0,70.7,63.4,60.4,71.1,0.09282706677913666,67.59845884144306,188705,5992677
14.7,0.0,0.0,0.0,0.0,0.0,0.0,0.0,0.0,0.0,0.0,0.0,73.1,68.0,68.3,74.0,0.0,0.0,0.0,0.0,0.0,0.0,0.0,0.0,0.0,0.0,0.0,0.0,73.2,64.2,65.3,71.9,0.09061296284198761,67.53149259090424,184229,5986756
16.1,1.0,0.0,0.0,0.0,0.0,0.0,0.0,0.0,0.0,0.0,0.0,71.2,70.5,68.3,73.5,0.0,0.0,0.0,0.0,0.0,0.0,0.0,0.0,0.0,0.0,0.0,0.0,68.4,62.9,63.2,71.4,0.09163765609264374,67.14134220778942,186297,5952163
13.8,0.0,0.0,0.0,0.0,0.0,0.0,0.0,0.0,0.0,0.0,0.0,72.6,72.8,68.0,72.8,0.0,1.0,0.0,0.0,0.0,0.0,0.0,1.0,0.0,0.0,0.0,0.0,70.0,67.0,64.4,67.4,0.09203317761421204,67.76416446268559,187118,6007385
10.0,1.0,0.0,0.0,0.0,0.0,0.0,0.0,0.0,0.0,0.0,0.0,71.0,72.5,69.0,72.2,0.0,1.0,0.0,0.0,0.0,0.0,0.0,0.0,0.0,0.0,0.0,0.0,73.4,65.3,66.3,66.7,0.09155991673469543,67.74058450758457,186148,6005281
13.9,0.0,0.0,0.0,0.0,0.0,0.0,0.0,0.0,0.0,0.0,0.0,73.3,72.4,66.3,72.7,0.0,1.0,0.0,0.0,0.0,0.0,0.0,0.0,0.0,0.0,0.0,0.0,71.0,63.8,62.1,70.8,0.09289751946926117,67.9913041293621,188881,6027526
9.9,1.0,0.0,0.0,0.0,0.0,0.0,0.0,0.0,0.0,0.0,0.0,53.9,52.0,46.9,52.4,0.0,0.0,0.0,0.0,0.0,0.0,0.0,0.0,0.0,0.0,0.0,0.0,51.0,48.0,41.6,48.0,0.06739801913499832,49.06650348007679,137015,4349854
0.0,0.0,0.0,0.0,0.0,0.0,0.0,0.0,0.0,0.0,0.0,0.0,0.0,0.0,0.0,0.0,0.0,1.0,0.0,0.0,0.0,0.0,0.0,1.0,0.0,0.0,0.0,0.0,0.0,0.0,0.0,0.0,7.301568984985352e-07,7.301568984985352e-07,1,1
0.0,0.0,0.0,0.0,0.0,0.0,0.0,0.0,0.0,0.0,0.0,0.0,0.0,0.0,0.0,0.0,0.0,0.0,0.0,0.0,0.0,0.0,0.0,0.0,0.0,0.0,0.0,0.0,0.0,0.0,0.0,0.0,7.301568984985352e-07,7.301568984985352e-07,1,1
0.0,0.0,0.0,0.0,0.0,0.0,0.0,0.0,0.0,0.0,0.0,0.0,0.0,0.0,0.0,0.0,0.0,0.0,0.0,0.0,0.0,0.0,0.0,0.0,0.0,0.0,0.0,0.0,0.0,0.0,0.0,0.0,7.301568984985352e-07,7.301568984985352e-07,1,1
0.0,0.0,0.0,0.0,0.0,0.0,0.0,0.0,0.0,0.0,0.0,0.0,0.0,0.0,0.0,0.0,0.0,0.0,0.0,0.0,0.0,0.0,0.0,0.0,0.0,0.0,0.0,0.0,0.0,0.0,0.0,0.0,7.301568984985352e-07,7.301568984985352e-07,1,1
