0.0,0.0,0.0,0.0,0.0,0.0,0.0,0.0,0.0,0.0,0.0,0.0,0.0,0.0,0.0,0.0,0.0,0.0,100.0,0.0,0.0,0.0,100.0,100.0,0.0,100.0,0.0,0.0,0.0,100.0,100.0,0.0,0.00011055171489715576,0.012018904089927673,221,10475
6.7,2.0,1.0,0.0,75.8,72.3,75.5,72.4,81.0,79.0,76.5,81.6,79.2,84.0,85.0,91.1,0.0,0.0,0.0,0.0,54.8,47.2,53.2,48.3,56.4,54.8,50.0,58.6,42.7,42.1,51.1,53.5,0.24419716000556946,25.155329331755638,491680,21923979
6.6,1.0,2.0,1.0,76.2,64.3,76.0,77.2,81.6,78.6,79.8,80.0,80.8,84.7,87.0,91.1,0.0,0.0,2.0,0.0,53.2,44.7,53.3,55.2,55.9,53.2,52.6,53.8,37.8,42.4,51.1,50.0,0.2461162507534027,25.22861857712269,495680,21987853
6.7,0.0,2.0,0.0,77.5,70.2,74.5,80.0,77.7,78.8,79.0,81.0,81.2,86.1,85.1,92.2,0.0,0.0,0.0,0.0,54.7,47.3,51.1,57.9,51.7,53.8,55.1,63.0,41.1,43.5,50.5,52.6,0.24597299098968506,25.249516144394875,495110,22006073
8.4,0.0,0.0,0.0,79.2,64.6,77.5,75.5,76.8,78.4,75.2,80.8,84.0,83.8,85.9,90.1,0.0,0.0,0.0,0.0,54.5,44.6,53.8,54.7,53.2,55.8,46.1,60.2,45.4,39.1,46.7,50.5,0.24371197819709778,25.126761466264725,491022,21899082
1.0,0.0,0.0,0.0,81.9,67.3,75.2,78.6,80.8,79.2,77.6,81.6,83.2,81.6,87.3,91.0,1.0,0.0,0.0,0.0,57.0,48.0,53.6,53.8,57.6,58.9,55.1,64.9,43.0,44.1,58.2,56.7,0.2439931333065033,25.169141933321953,491022,21936019
6.6,1.0,0.0,0.0,78.5,71.2,83.5,76.2,75.2,77.5,76.4,80.2,82.5,84.2,86.9,89.7,1.0,2.0,0.0,0.0,53.3,50.5,61.0,54.3,54.5,60.6,60.6,68.0,40.0,53.1,62.0,51.6,0.2410142868757248,25.12418220937252,485315,21896839
13.2,0.0,0.0,0.0,82.4,72.3,82.4,82.9,81.4,81.4,79.0,83.8,83.3,65.6,71.4,75.2,1.0,1.0,1.0,0.0,59.4,52.6,58.8,58.5,54.9,63.2,66.3,73.2,40.2,36.8,47.4,43.3,0.24015763401985168,25.27801249921322,483926,22030901
10.8,0.0,1.0,0.0,80.4,63.5,77.4,79.2,80.4,79.8,76.7,79.2,82.3,82.4,86.3,92.1,0.0,1.0,0.0,0.0,59.4,44.1,53.2,56.4,59.4,59.4,61.5,65.6,41.8,50.0,59.8,52.1,0.24183858931064606,25.232771813869476,487035,21991474
2.0,0.0,1.0,0.0,80.8,65.7,78.4,80.0,77.5,80.0,79.8,76.6,82.8,80.8,88.2,86.0,2.0,0.0,0.0,0.0,54.4,42.9,53.8,57.9,53.8,61.9,63.0,64.9,42.7,49.5,60.4,50.5,0.24396218359470367,25.27500867843628,491273,22028284
0.0,0.0,0.0,0.0,79.4,65.0,75.8,79.0,78.4,78.8,74.8,79.8,82.7,86.0,89.3,91.7,1.0,0.0,1.0,0.0,54.8,44.7,52.7,60.8,54.3,61.1,53.8,68.4,45.3,53.2,64.9,55.2,0.24326105415821075,25.378520861268044,489817,22118501
3.9,1.0,0.0,0.0,81.2,69.3,65.7,79.4,80.6,78.4,79.2,77.5,81.6,86.0,89.2,90.9,0.0,0.0,0.0,0.0,58.1,52.0,45.7,53.4,55.1,59.8,60.4,66.7,46.5,46.2,66.7,58.6,0.24345964193344116,25.42718632519245,490590,22160917
4.8,0.0,1.0,0.0,79.0,67.3,81.6,77.2,80.2,77.9,77.6,75.5,81.4,86.3,87.5,91.0,0.0,2.0,0.0,0.0,55.7,49.5,59.1,53.2,59.8,56.5,59.2,65.0,39.8,48.9,62.6,58.6,0.24284644424915314,25.30161115527153,489161,22051474
7.5,0.0,1.0,0.0,82.4,67.3,78.6,77.5,80.8,77.4,74.8,80.0,81.6,82.8,87.0,90.2,1.0,0.0,0.0,0.0,59.6,45.2,55.8,55.9,55.4,53.3,51.6,63.9,39.4,41.3,60.0,54.2,0.24271260201931,25.230386212468147,488973,21989397
2.9,1.0,0.0,0.0,79.6,67.3,74.0,79.0,80.6,77.7,79.2,82.4,80.6,81.0,87.0,92.2,0.0,0.0,1.0,0.0,58.3,46.3,53.2,55.6,61.2,57.3,54.3,63.9,37.8,43.0,59.8,50.0,0.24395526945590973,25.310131013393402,491237,22058896
6.6,0.0,0.0,0.0,77.9,70.9,76.2,76.2,76.6,81.1,81.0,80.6,85.1,84.2,86.4,91.8,0.0,1.0,0.0,0.0,54.3,47.2,55.1,52.2,54.6,58.5,57.4,59.4,46.4,45.7,55.2,52.6,0.24509429931640625,25.423869341611862,493736,22158026
9.2,0.0,1.0,0.0,80.8,67.0,79.0,77.9,75.8,81.3,77.0,80.6,81.4,82.5,84.8,90.2,0.0,0.0,0.0,0.0,56.5,46.9,57.4,55.8,53.2,56.2,53.8,57.9,40.0,45.4,51.6,52.0,0.24513474106788635,25.21011446416378,493664,21971727
10.0,0.0,1.0,0.0,77.5,69.5,76.9,80.2,74.5,78.4,78.6,81.4,81.6,84.8,89.0,90.9,0.0,0.0,0.0,0.0,53.8,49.5,54.3,56.8,50.0,51.1,51.7,57.0,41.1,45.7,57.0,50.0,0.24602021276950836,25.39536687731743,495547,22133182
10.8,1.0,0.0,1.0,74.8,65.0,78.1,78.7,80.2,75.0,76.7,81.9,81.8,84.0,90.4,91.1,0.0,0.0,0.0,0.0,52.2,46.9,57.7,53.8,54.2,54.5,52.7,58.8,41.1,45.3,56.1,51.1,0.24706511199474335,25.36987878382206,497667,22110965
2.9,0.0,0.0,0.0,75.8,67.6,78.3,80.2,77.7,81.0,79.4,80.4,82.2,82.4,88.0,93.1,1.0,0.0,1.0,0.0,56.6,46.9,57.0,58.8,52.0,54.3,55.3,57.4,36.4,44.9,51.6,50.5,0.2473648488521576,25.366707056760788,498154,22108210
9.2,0.0,1.0,0.0,75.2,66.7,81.5,75.3,82.5,75.0,76.0,81.5,82.5,83.5,88.8,87.9,0.0,0.0,0.0,0.0,53.2,49.0,60.6,53.3,56.2,49.5,53.3,56.8,37.1,43.6,51.5,47.9,0.24479621648788452,25.266073301434517,493056,22020497
6.7,0.0,1.0,1.0,78.7,66.3,78.8,79.6,77.5,78.6,78.4,81.5,80.4,82.7,89.1,90.1,0.0,0.0,0.0,0.0,54.2,44.6,56.6,51.7,50.0,51.6,55.3,54.5,41.2,44.4,48.9,49.5,0.24511650204658508,25.280767425894737,493426,22033303
2.9,0.0,1.0,0.0,80.6,68.3,78.1,77.5,77.7,81.0,78.0,75.2,78.6,82.8,89.0,91.8,0.0,0.0,2.9,0.0,56.5,46.8,53.7,54.7,50.0,56.7,59.8,60.0,38.7,50.5,56.5,55.3,0.24584701657295227,25.384402751922607,494992,22123628
5.7,0.0,1.0,0.0,81.4,67.0,80.8,78.0,79.2,79.6,76.7,77.2,82.2,82.0,88.9,89.8,0.0,0.0,1.0,0.0,53.9,47.0,55.3,53.3,56.1,59.8,59.6,61.5,43.0,56.6,59.4,57.1,0.2426130771636963,25.278984382748604,488796,22031753
6.6,0.0,0.0,0.0,75.2,72.1,83.0,78.8,82.2,78.7,81.3,79.8,82.0,81.2,75.5,92.0,1.0,0.0,1.0,0.0,51.1,51.5,57.1,53.8,57.6,56.4,62.6,62.6,45.8,53.1,43.3,58.3,0.24283358454704285,25.321893393993378,489096,22069148
2.9,1.0,0.0,0.0,77.7,69.9,79.0,79.6,78.2,76.5,77.9,79.2,81.2,83.3,88.8,91.4,0.0,0.0,0.0,0.0,52.2,51.5,53.8,52.7,52.6,58.3,59.1,63.9,41.5,56.3,61.6,53.8,0.24181285500526428,25.255904152989388,487036,22011637
3.9,0.0,0.0,0.0,79.4,55.7,77.8,76.9,80.4,78.8,78.8,80.8,84.6,82.5,89.2,92.2,0.0,1.0,2.0,0.0,53.3,37.2,50.0,53.3,53.7,56.8,58.5,65.3,44.4,58.9,57.6,56.6,0.2456655651330948,25.39818125963211,494685,22135640
5.7,0.0,3.0,0.0,81.6,69.2,78.3,64.8,81.4,76.8,79.0,82.5,84.2,80.8,88.6,90.0,0.0,0.0,0.0,0.0,58.8,46.3,54.6,45.5,52.2,56.7,60.0,66.0,42.6,55.1,58.3,54.8,0.24538682401180267,25.49530178308487,494493,22220284
4.8,0.0,0.0,1.0,77.2,68.9,76.8,80.4,78.8,79.2,75.7,77.9,79.6,81.7,86.1,90.1,2.0,0.0,0.0,0.0,54.7,47.3,55.7,55.4,52.1,58.8,50.0,62.2,39.6,56.6,52.1,53.6,0.24338316917419434,25.17537823319435,490112,21941454
4.8,0.0,2.0,0.0,60.4,67.3,81.2,79.8,82.4,78.8,78.4,84.0,80.6,79.4,88.3,95.1,0.0,0.0,1.0,0.0,43.4,47.4,58.1,54.3,58.5,55.4,54.8,69.1,44.2,50.0,57.7,58.8,0.24683994054794312,25.704928770661354,497340,22402985
5.7,1.0,1.0,1.0,78.4,66.7,77.2,63.4,82.5,79.0,79.6,80.6,81.4,88.1,89.9,84.3,0.0,0.0,1.0,0.0,55.3,43.3,53.7,44.3,58.7,57.8,57.4,67.7,41.5,60.6,61.1,51.6,0.24485398828983307,25.60128627717495,493217,22312655
6.6,0.0,0.0,0.0,80.0,69.2,76.9,82.4,79.2,80.6,78.6,65.0,82.4,84.2,86.9,94.1,0.0,0.0,0.0,0.0,57.3,49.5,54.2,57.6,60.8,64.6,60.0,51.6,43.5,58.3,58.7,51.1,0.24303311109542847,25.40684449672699,489781,22143187
2.0,0.0,0.0,0.0,81.3,64.6,81.0,78.2,78.8,80.9,67.9,81.7,83.3,85.0,87.3,92.9,0.0,0.0,1.0,0.0,57.9,41.8,56.4,54.8,61.7,62.9,54.6,67.7,48.0,57.3,59.6,51.2,0.24375547468662262,25.55103188753128,491175,22268852
3.9,0.0,1.0,0.0,78.1,67.6,80.8,77.7,77.7,81.7,72.8,78.3,84.8,81.9,88.9,93.9,0.0,0.0,0.0,0.0,52.7,47.3,57.9,54.7,60.0,66.3,55.4,66.7,44.4,54.6,63.0,55.8,0.24329139292240143,25.400200337171555,490239,22137402
2.0,1.0,1.0,0.0,78.8,69.6,80.6,78.6,79.8,77.7,79.0,77.9,82.2,77.8,89.2,88.8,0.0,2.0,1.0,0.0,56.8,46.2,55.3,55.7,61.7,62.8,55.1,62.1,41.9,49.5,63.2,51.6,0.24275140464305878,25.227064356207848,488801,21986499
2.9,0.0,0.0,0.0,79.2,68.6,81.9,79.0,80.6,80.0,62.4,83.0,83.7,82.2,86.1,90.5,0.0,1.0,0.0,0.0,56.5,47.3,58.3,57.1,64.6,62.4,47.5,69.8,44.4,50.0,56.4,58.0,0.24297505617141724,25.490207314491272,489358,22215840
4.8,0.0,1.0,0.0,81.9,73.8,77.8,63.4,78.6,79.8,73.7,79.4,81.2,86.3,90.8,90.2,1.0,0.0,1.0,0.0,60.4,52.1,57.6,41.9,60.6,62.6,51.1,66.0,44.9,56.7,56.8,55.9,0.24493858218193054,25.578415483236313,493526,22292718
5.7,1.0,1.0,0.0,81.6,66.3,64.4,81.6,81.9,80.6,78.4,83.8,83.9,81.4,87.9,91.9,0.0,0.0,0.0,0.0,60.2,46.8,41.9,58.1,63.7,58.1,54.9,65.7,46.3,53.1,55.1,52.1,0.24710187315940857,25.713969379663467,498044,22410862
1.0,1.0,0.0,0.0,77.0,65.0,77.4,79.2,79.4,81.3,79.2,79.6,83.2,78.0,88.2,91.9,0.0,1.0,0.0,0.0,58.0,48.0,52.7,54.4,61.1,67.3,59.4,60.0,48.5,49.5,57.0,49.5,0.24445165693759918,25.289878517389297,491973,22041246
4.8,0.0,0.0,0.0,81.3,64.0,78.4,78.1,81.6,66.0,77.9,83.3,83.7,80.0,90.2,91.1,1.0,0.0,1.0,0.0,57.6,43.6,55.3,55.9,58.4,49.5,59.8,60.0,48.9,44.4,61.1,50.5,0.24522081017494202,25.437825679779053,493954,22170190
1.0,0.0,0.0,0.0,79.2,68.7,79.6,73.3,84.5,76.2,76.8,79.4,80.6,83.2,90.3,90.7,0.0,1.0,1.0,0.0,57.6,47.9,57.6,51.1,59.8,55.8,53.8,57.6,44.8,51.1,59.6,47.7,0.2465270608663559,25.454739540815353,496663,22184928
5.7,0.0,0.0,0.0,77.7,67.0,77.7,81.6,78.6,80.8,76.2,82.7,81.0,85.3,87.9,89.3,0.0,0.0,0.0,0.0,54.3,46.8,52.6,59.4,53.6,61.2,52.7,59.8,48.0,52.1,52.2,48.9,0.24571681022644043,25.40102195739746,494744,22138116
3.9,3.0,1.0,0.0,78.4,69.7,81.9,61.5,79.6,78.8,76.5,81.7,83.8,80.4,91.1,92.1,0.0,2.0,0.0,0.0,59.2,50.0,53.9,43.3,57.1,62.0,58.8,61.7,47.7,53.0,53.4,56.6,0.2458801418542862,25.58625592291355,495299,22299553
2.0,0.0,0.0,0.0,78.6,65.0,79.4,80.4,78.6,80.4,79.0,81.2,82.8,81.2,84.2,91.2,0.0,0.0,0.0,0.0,54.3,46.4,56.2,56.5,53.6,57.1,59.2,60.6,53.1,52.1,54.6,47.8,0.2438889592885971,25.297454074025154,491273,22047849
3.9,0.0,0.0,0.0,70.7,71.7,83.5,77.2,77.7,82.5,74.3,82.6,82.2,85.4,87.8,91.8,0.0,2.0,0.0,0.0,50.0,50.0,56.8,53.8,53.2,62.1,51.1,61.7,53.1,57.1,53.8,49.5,0.2451898753643036,25.438088446855545,493882,22170418
5.7,1.0,0.0,0.0,78.2,68.3,80.8,78.4,77.9,75.7,78.8,80.0,81.4,82.4,87.5,92.9,0.0,0.0,0.0,0.0,56.4,44.3,57.4,53.8,51.1,51.1,61.1,58.9,52.0,49.5,57.6,54.2,0.2448219656944275,25.29645650088787,493170,22046979
8.4,0.0,0.0,1.0,79.8,68.0,76.7,74.8,80.0,80.2,76.2,81.0,82.0,83.2,90.1,92.2,0.0,1.0,0.0,0.0,53.4,47.9,52.1,52.1,58.5,58.7,58.8,66.0,48.4,51.1,59.1,53.1,0.24370937049388885,25.319387897849083,490857,22066963
3.9,1.0,1.0,0.0,76.5,70.9,75.8,78.2,80.6,79.4,77.8,80.6,83.7,82.2,90.1,86.6,0.0,0.0,1.0,0.0,53.7,50.0,54.6,53.3,60.4,59.6,61.2,61.9,46.2,52.0,57.1,46.1,0.24414494633674622,25.317309081554413,491482,22065156
2.0,0.0,2.0,0.0,76.7,66.3,81.2,78.2,81.9,83.2,74.7,82.1,79.8,83.0,88.0,91.0,0.0,0.0,0.0,0.0,52.7,50.0,56.4,57.4,57.1,61.5,58.0,54.4,45.4,52.0,56.1,48.9,0.2451246976852417,25.37770789861679,493430,22117792
10.2,1.0,0.0,0.0,80.2,66.7,79.0,76.2,80.2,80.6,77.6,73.7,81.8,85.1,88.0,91.8,0.0,0.0,0.0,0.0,56.4,45.2,55.8,48.2,55.9,61.7,54.3,48.9,46.3,52.2,58.2,53.1,0.24522727727890015,25.313175693154335,493550,22061553
1.0,0.0,2.0,0.0,77.1,68.6,80.4,77.1,80.8,81.1,78.8,81.0,76.0,83.5,89.9,90.2,0.0,0.0,0.0,0.0,51.1,49.5,55.4,52.7,58.9,65.0,57.1,60.6,39.8,54.8,61.2,54.9,0.24342474341392517,25.375139713287354,490268,22115556
2.0,1.0,0.0,0.0,80.8,66.3,77.6,78.8,78.8,81.5,76.2,79.4,85.3,79.4,88.2,92.9,0.0,0.0,0.0,0.0,56.7,46.4,52.2,57.7,61.5,66.0,58.5,61.3,49.5,53.1,57.8,56.4,0.2451297640800476,25.484108850359917,493702,22210523
2.0,1.0,0.0,0.0,82.4,70.6,77.6,78.5,78.4,80.6,78.9,81.3,82.5,71.7,90.0,92.9,2.0,0.0,0.0,0.0,58.8,49.5,52.2,55.2,59.1,62.1,61.6,66.7,49.5,44.7,60.2,54.7,0.24447594583034515,25.551172524690628,492521,22268974
0.0,1.0,0.0,0.0,77.5,66.0,77.8,78.8,77.6,79.6,73.0,81.2,83.0,84.0,90.0,93.1,0.0,0.0,0.0,0.0,55.8,46.9,54.4,56.2,57.6,61.5,55.8,66.7,50.5,59.0,59.1,52.0,0.24416673183441162,25.463873893022537,491918,22192890
1.0,0.0,0.0,0.0,80.0,67.0,73.5,79.2,80.8,80.2,78.6,80.4,81.0,83.3,88.1,91.1,2.0,0.0,0.0,0.0,57.7,44.1,54.9,57.1,65.7,64.9,63.4,61.9,45.7,56.8,58.0,53.3,0.2447899430990219,25.402780652046204,492913,22139648
2.0,1.0,0.0,0.0,76.2,53.1,81.1,78.4,80.6,79.0,79.0,82.2,85.0,82.4,90.8,93.0,0.0,0.0,0.0,0.0,57.6,36.2,58.8,54.9,64.2,64.6,64.6,60.2,55.0,59.0,60.6,57.6,0.24760198593139648,25.704090520739555,498404,22402251
0.0,2.9,1.0,0.0,79.6,66.7,78.0,79.0,79.0,67.0,79.4,81.0,84.3,84.2,87.3,92.0,2.0,0.0,0.0,0.0,54.4,42.2,54.3,57.0,58.8,50.5,64.6,56.7,50.0,52.7,55.1,54.4,0.24556677043437958,25.49883696436882,494487,22223364
0.0,0.0,0.0,0.0,75.0,70.1,75.2,77.0,80.0,78.8,76.5,83.2,82.7,80.6,89.0,89.8,0.0,0.0,0.0,0.0,51.6,47.9,54.0,55.9,57.7,62.2,60.2,58.9,49.5,48.4,57.9,51.6,0.24654197692871094,25.48064136505127,496288,22207506
1.0,0.0,0.0,0.0,77.5,65.3,78.2,79.6,77.0,77.9,77.9,79.4,80.6,81.2,89.8,88.0,2.0,0.0,0.0,0.0,55.8,48.0,49.4,55.6,55.7,55.8,61.3,57.6,48.5,49.5,62.6,52.5,0.24444109201431274,25.317494466900826,492214,22065317
1.0,0.0,0.0,0.0,78.4,64.6,79.4,77.0,78.2,77.7,75.2,77.8,81.8,82.8,86.3,90.0,0.0,0.0,0.0,0.0,58.2,44.2,55.4,53.3,59.0,57.7,57.6,53.6,45.8,47.9,51.6,47.3,0.2423482984304428,25.163901060819626,488275,21931450
2.0,0.0,1.0,0.0,57.3,46.0,54.9,53.0,55.0,56.9,53.4,57.0,57.8,57.0,62.2,63.4,0.0,0.0,0.0,0.0,38.9,33.0,36.6,35.4,37.9,35.5,42.6,39.4,29.8,33.0,38.8,32.3,0.1714162454009056,17.711837388575077,345273,15436685
0.0,0.0,0.0,0.0,0.0,0.0,0.0,0.0,0.0,0.0,0.0,0.0,0.0,0.0,0.0,0.0,0.0,0.0,0.0,0.0,0.0,0.0,0.0,0.0,0.0,0.0,0.0,0.0,0.0,0.0,0.0,0.0,8.031725883483887e-06,8.031725883483887e-06,11,11
0.0,0.0,0.0,0.0,0.0,0.0,0.0,0.0,0.0,0.0,0.0,0.0,0.0,0.0,0.0,0.0,0.0,0.0,1.0,0.0,0.0,0.0,0.0,0.0,0.0,0.0,0.0,0.0,0.0,0.0,0.0,0.0,8.031725883483887e-06,8.031725883483887e-06,11,11
0.0,0.0,0.0,0.0,0.0,0.0,0.0,0.0,0.0,0.0,0.0,0.0,0.0,0.0,0.0,0.0,0.0,0.0,0.0,0.0,0.0,0.0,0.0,0.0,0.0,0.0,0.0,0.0,0.0,0.0,0.0,0.0,8.031725883483887e-06,8.031725883483887e-06,11,11
0.0,0.0,0.0,0.0,0.0,0.0,0.0,0.0,0.0,0.0,0.0,0.0,0.0,0.0,0.0,0.0,0.0,0.0,0.0,0.0,0.0,0.0,0.0,0.0,0.0,0.0,0.0,0.0,0.0,0.0,0.0,0.0,6.571412086486816e-06,6.571412086486816e-06,9,9
