0.0,0.0,0.0,0.0,0.0,0.0,100.0,0.0,0.0,0.0,0.0,0.0,0.0,0.0,0.0,0.0,0.0,0.0,0.0,0.0,0.0,0.0,0.0,0.0,0.0,0.0,0.0,0.0,0.0,0.0,0.0,0.0,0.0,0.0,0,0
0.0,0.0,0.0,0.0,0.0,0.0,0.0,0.0,0.0,0.0,0.0,12.4,0.0,0.0,0.0,31.6,0.0,0.0,0.0,75.2,0.0,0.0,0.0,0.0,0.0,0.0,0.0,0.0,15.7,0.0,0.0,0.0,24.1326799467206,0.01218850165605545,2140684,24783
0.0,0.0,0.0,0.0,0.0,0.0,0.0,0.0,0.0,0.0,0.0,11.5,0.0,0.0,0.0,37.1,0.0,0.0,0.0,79.0,0.0,0.0,0.0,0.0,0.0,0.0,0.0,0.0,16.3,0.0,0.0,0.0,27.42606170475483,0.013019457459449768,2432245,26475
0.0,0.0,0.0,20.0,0.0,0.0,1.0,0.0,0.0,0.0,0.0,11.5,0.0,0.0,0.0,39.8,0.0,0.0,1.0,58.8,0.0,0.0,0.0,0.0,3.1,0.0,0.0,0.0,12.4,0.0,0.0,0.0,27.430499598383904,0.012954413890838623,2432631,26336
0.0,0.0,0.0,80.6,0.0,0.0,0.0,0.0,0.0,0.0,0.0,11.6,0.0,0.0,0.0,37.4,0.0,0.0,0.0,0.0,0.0,0.0,0.0,0.0,18.2,0.0,0.0,0.0,0.0,0.0,0.0,0.0,27.41273857653141,0.012910068035125732,2431089,26242
0.0,0.0,0.0,78.6,0.0,0.0,0.0,0.0,0.0,0.0,0.0,13.2,0.0,1.0,0.0,36.0,0.0,0.0,0.0,2.0,0.0,0.0,0.0,0.0,17.4,0.0,0.0,0.0,0.0,0.0,0.0,0.0,27.351088792085648,0.013043001294136047,2425738,26515
0.0,0.0,0.0,81.8,0.0,0.0,0.0,0.0,0.0,0.0,0.0,13.3,0.0,0.0,0.0,36.6,0.0,0.0,0.0,0.0,0.0,0.0,0.0,0.0,17.9,0.0,0.0,0.0,0.0,0.0,0.0,0.0,27.42916464805603,0.012955918908119202,2432707,26336
0.0,0.0,0.0,76.5,0.0,0.0,1.0,0.0,0.0,0.0,0.0,10.2,0.0,0.0,0.0,37.6,0.0,0.0,0.0,0.0,0.0,0.0,0.0,0.0,20.7,0.0,0.0,0.0,0.0,0.0,0.0,0.0,25.758953168988228,0.012289181351661682,2284589,24985
0.0,0.0,0.0,66.7,0.0,0.0,0.0,0.0,0.0,0.0,0.0,18.5,0.0,0.0,0.0,40.2,0.0,0.0,0.0,0.0,0.0,0.0,0.0,0.0,9.1,0.0,0.0,0.0,0.0,0.0,0.0,0.0,22.602036252617836,0.010361164808273315,2004717,21070
0.0,0.0,0.0,81.8,0.0,0.0,0.0,0.0,0.0,0.0,0.0,11.2,0.0,0.0,0.0,35.7,0.0,0.0,0.0,0.0,0.0,0.0,0.0,0.0,18.4,0.0,0.0,0.0,0.0,0.0,0.0,0.0,26.731159523129463,0.012821957468986511,2370609,26073
0.0,1.0,0.0,84.0,0.0,0.0,0.0,0.0,0.0,0.0,0.0,11.4,0.0,0.0,0.0,33.3,0.0,0.0,0.0,0.0,0.0,0.0,0.0,0.0,18.4,0.0,0.0,0.0,0.0,0.0,0.0,0.0,27.208553582429886,0.012984856963157654,2412814,26405
0.0,0.0,0.0,84.0,0.0,0.0,0.0,0.0,0.0,0.0,0.0,7.1,0.0,0.0,0.0,37.3,0.0,0.0,0.0,0.0,0.0,0.0,0.0,0.0,20.7,0.0,0.0,0.0,0.0,0.0,0.0,0.0,27.025451451539993,0.0128650963306427,2396610,26162
1.0,1.0,0.0,16.2,0.0,0.0,0.0,0.0,0.0,0.0,0.0,10.7,0.0,0.0,0.0,37.3,0.0,0.0,0.0,68.0,0.0,0.0,0.0,0.0,3.1,0.0,0.0,0.0,11.0,0.0,0.0,0.0,27.026915416121483,0.012860134243965149,2396735,26151
0.0,1.0,0.0,0.0,0.0,0.0,1.0,0.0,0.0,0.0,0.0,10.6,0.0,0.0,0.0,33.7,0.0,0.0,0.0,82.8,0.0,0.0,0.0,0.0,0.0,0.0,0.0,0.0,16.9,0.0,0.0,0.0,27.020686864852905,0.012859195470809937,2396184,26150
0.0,0.0,0.0,0.0,0.0,0.0,0.0,0.0,0.0,0.0,0.0,10.3,0.0,0.0,0.0,35.4,0.0,0.0,0.0,83.7,0.0,0.0,0.0,0.0,0.0,0.0,0.0,0.0,18.0,0.0,0.0,0.0,27.043411031365395,0.012778058648109436,2398345,25985
0.0,0.0,0.0,0.0,0.0,0.0,0.0,0.0,0.0,0.0,0.0,10.1,0.0,0.0,0.0,37.0,0.0,0.0,0.0,82.7,0.0,0.0,0.0,0.0,0.0,0.0,0.0,0.0,18.6,0.0,0.0,0.0,27.058706298470497,0.012780562043190002,2399641,25989
0.0,0.0,0.0,0.0,0.0,0.0,0.0,0.0,0.0,0.0,0.0,14.6,0.0,1.0,0.0,36.6,0.0,0.0,0.0,83.3,0.0,0.0,0.0,0.0,0.0,0.0,0.0,0.0,16.9,0.0,0.0,0.0,27.061598226428032,0.012776926159858704,2399935,25981
0.0,0.0,0.0,0.0,0.0,0.0,0.0,0.0,0.0,0.0,0.0,8.1,0.0,0.0,0.0,34.0,0.0,0.0,0.0,82.5,1.0,0.0,0.0,0.0,0.0,0.0,0.0,0.0,22.0,0.0,0.0,0.0,27.053416401147842,0.012773588299751282,2399274,25975
0.0,0.0,0.0,63.7,0.0,0.0,0.0,0.0,0.0,0.0,0.0,10.2,0.0,0.0,0.0,36.4,0.0,0.0,0.0,20.0,0.0,0.0,0.0,0.0,13.2,0.0,0.0,0.0,5.1,0.0,0.0,0.0,27.05308049917221,0.0127839595079422,2399168,25997
0.0,0.0,0.0,82.2,0.0,0.0,0.0,0.0,0.0,0.0,0.0,14.3,0.0,0.0,0.0,39.0,0.0,0.0,0.0,0.0,0.0,0.0,0.0,0.0,16.3,0.0,0.0,0.0,0.0,0.0,0.0,0.0,27.043505936861038,0.012796029448509216,2398226,26021
0.0,0.0,0.0,82.8,0.0,0.0,0.0,0.0,0.0,0.0,0.0,9.2,0.0,0.0,0.0,35.7,0.0,0.0,0.0,0.0,0.0,0.0,0.0,0.0,15.3,0.0,0.0,0.0,0.0,0.0,0.0,0.0,27.075025632977486,0.012776941061019897,2401109,25982
0.0,0.0,0.0,35.0,0.0,0.0,0.0,0.0,0.0,0.0,0.0,10.3,0.0,0.0,0.0,35.7,0.0,0.0,0.0,47.0,0.0,0.0,0.0,0.0,6.5,0.0,0.0,0.0,7.6,0.0,0.0,0.0,27.06866943836212,0.012779533863067627,2400580,25988
0.0,0.0,0.0,0.0,0.0,0.0,0.0,0.0,0.0,0.0,0.0,11.5,0.0,0.0,0.0,37.3,0.0,0.0,0.0,83.7,0.0,0.0,0.0,0.0,0.0,0.0,0.0,0.0,17.8,0.0,0.0,0.0,27.056842789053917,0.012790843844413757,2399451,26009
0.0,0.0,0.0,0.0,0.0,0.0,0.0,0.0,0.0,0.0,0.0,3.7,0.0,0.0,0.0,37.5,0.0,0.0,0.0,83.5,0.0,0.0,0.0,0.0,0.0,0.0,0.0,0.0,20.2,0.0,0.0,0.0,27.08023202419281,0.012777566909790039,2401528,25984
0.0,1.0,0.0,0.0,0.0,0.0,0.0,0.0,0.0,0.0,0.0,9.3,0.0,0.0,0.0,36.4,0.0,0.0,0.0,82.8,0.0,0.0,0.0,0.0,0.0,0.0,0.0,0.0,13.1,0.0,0.0,0.0,27.069427892565727,0.012773051857948303,2400599,25973
0.0,0.0,0.0,0.0,0.0,0.0,0.0,0.0,0.0,0.0,0.0,11.5,0.0,0.0,0.0,35.4,0.0,0.0,0.0,83.0,0.0,0.0,0.0,0.0,0.0,0.0,0.0,0.0,14.1,0.0,0.0,0.0,27.07561531662941,0.012786641716957092,2401074,26001
0.0,1.0,0.0,0.0,0.0,0.0,0.0,0.0,0.0,0.0,0.0,10.3,0.0,0.0,0.0,35.4,0.0,0.0,0.0,84.0,0.0,0.0,0.0,0.0,0.0,0.0,0.0,0.0,14.1,0.0,0.0,0.0,27.07270522415638,0.012777566909790039,2400889,25984
0.0,0.0,0.0,0.0,0.0,0.0,0.0,0.0,0.0,0.0,0.0,10.5,0.0,0.0,0.0,37.9,0.0,0.0,0.0,84.0,0.0,0.0,0.0,0.0,0.0,0.0,0.0,0.0,12.0,0.0,0.0,0.0,27.05995225906372,0.012775376439094543,2399768,25979
0.0,0.0,0.0,0.0,0.0,0.0,0.0,0.0,0.0,0.0,0.0,10.5,0.0,0.0,0.0,36.0,0.0,0.0,0.0,84.2,0.0,0.0,0.0,0.0,0.0,0.0,0.0,0.0,15.9,0.0,0.0,0.0,27.078054159879684,0.012768223881721497,2401394,25965
0.0,0.0,0.0,0.0,0.0,0.0,0.0,0.0,0.0,0.0,0.0,8.4,0.0,0.0,0.0,34.4,0.0,0.0,0.0,85.3,0.0,0.0,0.0,0.0,0.0,0.0,0.0,0.0,15.1,0.0,0.0,0.0,27.1095871925354,0.012801527976989746,2404120,26032
0.0,0.0,0.0,0.0,0.0,0.0,0.0,0.0,0.0,0.0,0.0,11.4,0.0,0.0,0.0,33.7,0.0,0.0,0.0,82.0,0.0,0.0,0.0,0.0,0.0,0.0,0.0,0.0,13.1,0.0,0.0,0.0,27.107229560613632,0.012810513377189636,2403918,26051
0.0,0.0,0.0,0.0,0.0,0.0,0.0,0.0,0.0,0.0,0.0,12.6,0.0,0.0,0.0,34.0,0.0,0.0,0.0,84.0,0.0,0.0,0.0,0.0,0.0,0.0,0.0,0.0,11.8,0.0,0.0,0.0,27.110857740044594,0.012790665030479431,2404277,26009
0.0,1.0,0.0,0.0,0.0,0.0,0.0,0.0,0.0,0.0,0.0,7.1,0.0,0.0,0.0,37.4,0.0,0.0,0.0,80.2,0.0,0.0,0.0,0.0,0.0,0.0,0.0,0.0,21.1,0.0,0.0,0.0,27.101462066173553,0.012823209166526794,2403412,26075
0.0,0.0,0.0,0.0,0.0,0.0,0.0,0.0,0.0,0.0,0.0,5.8,0.0,0.0,0.0,37.3,0.0,0.0,0.0,84.2,0.0,0.0,0.0,0.0,0.0,0.0,0.0,0.0,17.4,0.0,0.0,0.0,27.12415210902691,0.012803137302398682,2405447,26036
0.0,0.0,0.0,0.0,0.0,0.0,0.0,0.0,0.0,0.0,0.0,14.4,0.0,0.0,0.0,34.7,0.0,0.0,0.0,82.8,0.0,0.0,0.0,0.0,0.0,0.0,0.0,0.0,11.0,0.0,0.0,0.0,27.097056165337563,0.012803584337234497,2403041,26036
0.0,0.0,0.0,0.0,0.0,0.0,0.0,0.0,0.0,0.0,0.0,9.2,0.0,0.0,0.0,36.4,0.0,0.0,0.0,83.0,0.0,0.0,0.0,0.0,0.0,0.0,0.0,0.0,11.1,0.0,0.0,0.0,27.096096977591515,0.012818381190299988,2402915,26067
0.0,0.0,0.0,0.0,0.0,0.0,0.0,0.0,0.0,0.0,0.0,13.6,0.0,0.0,0.0,35.1,0.0,0.0,0.0,82.5,0.0,0.0,0.0,0.0,0.0,0.0,0.0,0.0,18.7,0.0,0.0,0.0,27.117984995245934,0.012817934155464172,2404843,26065
0.0,0.0,0.0,0.0,0.0,0.0,0.0,0.0,0.0,0.0,0.0,13.0,0.0,0.0,0.0,37.3,0.0,0.0,0.0,83.0,0.0,0.0,0.0,0.0,0.0,0.0,0.0,0.0,17.6,0.0,0.0,0.0,27.105389654636383,0.012832283973693848,2403780,26094
0.0,0.0,0.0,0.0,0.0,0.0,1.0,0.0,0.0,0.0,0.0,13.3,0.0,0.0,0.0,39.6,0.0,0.0,0.0,84.2,0.0,0.0,0.0,0.0,0.0,0.0,0.0,0.0,17.0,0.0,0.0,0.0,27.099354788661003,0.01279991865158081,2403175,26028
0.0,0.0,0.0,0.0,0.0,1.0,0.0,0.0,0.0,0.0,0.0,13.6,0.0,0.0,0.0,34.4,0.0,0.0,0.0,82.0,0.0,0.0,0.0,0.0,0.0,0.0,0.0,0.0,14.9,0.0,0.0,0.0,27.09920744597912,0.012803137302398682,2403171,26036
1.0,0.0,0.0,67.7,0.0,0.0,0.0,0.0,0.0,0.0,0.0,18.1,0.0,0.0,0.0,37.0,0.0,0.0,1.0,15.8,0.0,0.0,0.0,0.0,13.5,0.0,0.0,0.0,1.0,0.0,0.0,0.0,27.105236887931824,0.012789636850357056,2403800,26008
0.0,0.0,0.0,81.6,0.0,0.0,0.0,0.0,0.0,0.0,0.0,13.8,0.0,0.0,0.0,34.4,0.0,0.0,0.0,0.0,0.0,0.0,0.0,0.0,13.6,0.0,0.0,0.0,0.0,0.0,0.0,0.0,27.096536740660667,0.012807562947273254,2402951,26045
0.0,0.0,0.0,47.5,0.0,0.0,0.0,0.0,0.0,0.0,0.0,15.9,0.0,0.0,0.0,36.0,0.0,0.0,0.0,36.6,0.0,0.0,0.0,0.0,10.4,0.0,0.0,0.0,5.3,0.0,0.0,0.0,27.089754596352577,0.012785881757736206,2402396,26001
0.0,0.0,0.0,83.0,0.0,0.0,0.0,0.0,0.0,0.0,0.0,11.4,0.0,0.0,0.0,38.2,0.0,0.0,0.0,0.0,0.0,0.0,0.0,0.0,15.3,0.0,0.0,0.0,0.0,0.0,0.0,0.0,27.114511504769325,0.012798979878425598,2404577,26027
0.0,0.0,0.0,3.0,0.0,0.0,0.0,0.0,0.0,0.0,0.0,9.8,0.0,0.0,0.0,35.4,0.0,0.0,0.0,78.8,0.0,0.0,0.0,0.0,0.0,0.0,0.0,0.0,15.4,0.0,0.0,0.0,27.023525297641754,0.012771308422088623,2396540,25970
0.0,0.0,0.0,0.0,0.0,0.0,0.0,0.0,0.0,0.0,0.0,7.2,0.0,0.0,0.0,37.6,0.0,0.0,1.0,83.3,0.0,0.0,0.0,0.0,0.0,0.0,0.0,0.0,19.6,0.0,0.0,0.0,27.12238384783268,0.01282772421836853,2405245,26086
1.0,0.0,0.0,7.0,0.0,0.0,0.0,0.0,0.0,0.0,0.0,10.5,8.0,1.0,0.0,36.6,0.0,0.0,0.0,76.5,0.0,0.0,0.0,0.0,2.0,0.0,0.0,0.0,11.0,0.0,0.0,0.0,27.13295078277588,0.01286044716835022,2406176,26152
0.0,0.0,0.0,83.7,0.0,0.0,0.0,0.0,0.0,0.0,0.0,13.3,0.0,0.0,0.0,33.3,0.0,0.0,0.0,0.0,0.0,0.0,0.0,0.0,18.2,0.0,0.0,0.0,0.0,0.0,0.0,0.0,27.133533611893654,0.012835323810577393,2406181,26100
0.0,0.0,0.0,81.4,0.0,0.0,0.0,0.0,0.0,0.0,0.0,14.3,0.0,0.0,0.0,37.6,0.0,0.0,0.0,0.0,0.0,0.0,0.0,0.0,17.2,0.0,0.0,0.0,0.0,0.0,0.0,0.0,27.12077407538891,0.012852177023887634,2405107,26135
0.0,0.0,0.0,84.8,0.0,0.0,0.0,0.0,0.0,0.0,0.0,13.6,0.0,0.0,0.0,37.5,0.0,0.0,0.0,0.0,0.0,0.0,0.0,0.0,20.7,0.0,0.0,0.0,0.0,0.0,0.0,0.0,27.1251640021801,0.012837544083595276,2405474,26105
0.0,0.0,0.0,30.7,0.0,0.0,0.0,0.0,0.0,0.0,0.0,11.1,0.0,0.0,0.0,35.7,0.0,0.0,1.0,53.5,0.0,0.0,0.0,0.0,6.2,0.0,0.0,0.0,14.9,0.0,0.0,0.0,27.117076382040977,0.012828215956687927,2404783,26087
0.0,0.0,0.0,23.8,0.0,0.0,0.0,0.0,0.0,0.0,0.0,13.6,0.0,0.0,0.0,38.5,0.0,0.0,0.0,60.0,0.0,0.0,0.0,0.0,4.2,0.0,0.0,0.0,8.9,0.0,0.0,0.0,27.112707406282425,0.01285669207572937,2404386,26144
0.0,0.0,0.0,82.8,0.0,0.0,0.0,0.0,0.0,0.0,0.0,11.7,0.0,0.0,0.0,36.0,0.0,0.0,0.0,0.0,0.0,0.0,0.0,0.0,16.0,0.0,0.0,0.0,0.0,0.0,0.0,0.0,27.13257983326912,0.01284046471118927,2406130,26111
0.0,0.0,0.0,9.1,0.0,0.0,0.0,0.0,0.0,0.0,0.0,9.4,0.0,0.0,0.0,35.7,0.0,0.0,0.0,72.7,0.0,0.0,0.0,0.0,1.0,0.0,0.0,0.0,12.5,0.0,0.0,0.0,27.129075095057487,0.012865632772445679,2405775,26162
0.0,0.0,0.0,0.0,0.0,0.0,0.0,0.0,0.0,0.0,0.0,11.5,0.0,0.0,0.0,35.4,0.0,0.0,0.0,82.3,0.0,0.0,0.0,0.0,0.0,0.0,0.0,0.0,20.7,0.0,0.0,0.0,27.12568397819996,0.012805193662643433,2405569,26038
0.0,0.0,0.0,0.0,0.0,0.0,0.0,0.0,0.0,0.0,0.0,11.0,0.0,0.0,0.0,34.4,0.0,0.0,0.0,83.0,0.0,0.0,0.0,0.0,0.0,0.0,0.0,0.0,17.6,0.0,0.0,0.0,27.12749345600605,0.012850835919380188,2405681,26133
0.0,0.0,0.0,0.0,0.0,0.0,0.0,0.0,0.0,0.0,0.0,11.6,0.0,0.0,0.0,38.8,0.0,0.0,0.0,83.3,0.0,0.0,0.0,0.0,0.0,0.0,0.0,0.0,12.0,0.0,0.0,0.0,27.125082045793533,0.012846678495407104,2405518,26124
0.0,0.0,0.0,0.0,0.0,0.0,1.0,0.0,0.0,0.0,0.0,12.4,0.0,0.0,0.0,37.9,0.0,0.0,0.0,83.8,0.0,0.0,0.0,0.0,0.0,0.0,0.0,0.0,19.8,0.0,0.0,0.0,27.127018302679062,0.012818872928619385,2405702,26068
0.0,0.0,0.0,0.0,0.0,0.0,0.0,0.0,0.0,0.0,0.0,11.5,0.0,0.0,0.0,40.6,0.0,0.0,0.0,83.0,0.0,0.0,0.0,0.0,0.0,0.0,0.0,0.0,18.0,0.0,0.0,0.0,27.1150254458189,0.012827590107917786,2404591,26085
0.0,0.0,0.0,0.0,0.0,0.0,0.0,0.0,0.0,0.0,0.0,9.2,0.0,0.0,0.0,37.0,0.0,0.0,0.0,81.8,0.0,0.0,0.0,0.0,0.0,0.0,0.0,0.0,17.4,0.0,0.0,0.0,27.1188847720623,0.012830674648284912,2404958,26092
