0.0,0.0,100.0,0.0,0.0,0.0,0.0,0.0,0.0,0.0,0.0,0.0,0.0,0.0,0.0,0.0,0.0,0.0,0.0,0.0,0.0,0.0,0.0,0.0,0.0,0.0,0.0,0.0,0.0,0.0,0.0,0.0,0.0,0.0,0,0
18.9,0.0,0.0,0.0,0.0,0.0,0.0,0.0,0.0,0.0,0.0,78.4,0.0,93.0,94.0,94.0,1.0,0.0,0.0,0.0,0.0,0.0,0.0,0.0,0.0,0.0,0.0,0.0,88.9,90.5,90.8,94.0,0.07653231918811798,80.28764697909355,155475,7118698
21.9,0.0,0.0,0.0,0.0,0.0,0.0,0.0,0.0,0.0,0.0,83.0,0.0,99.0,99.0,99.0,0.0,0.0,0.0,1.0,0.0,0.0,0.0,0.0,0.0,0.0,0.0,0.0,96.0,95.0,97.0,100.0,0.08221733570098877,86.46350409090519,167022,7666009
20.2,0.0,0.0,0.0,0.0,0.0,0.0,0.0,0.0,0.0,0.0,83.3,0.0,100.0,100.0,100.0,0.0,0.0,0.0,0.0,0.0,0.0,0.0,0.0,0.0,0.0,0.0,0.0,96.0,96.0,96.0,100.0,0.08104333281517029,86.94088755548,164622,7708307
18.9,0.0,0.0,0.0,0.0,0.0,0.0,0.0,0.0,0.0,0.0,83.2,0.0,100.0,100.0,100.0,0.0,0.0,0.0,0.0,0.0,0.0,0.0,0.0,0.0,0.0,0.0,0.0,96.9,96.0,96.9,100.0,0.08107878267765045,87.0289278626442,164699,7716040
29.1,0.0,0.0,0.0,0.0,0.0,0.0,0.0,0.0,0.0,0.0,82.5,1.0,99.0,100.0,100.0,0.0,0.0,0.0,1.0,0.0,0.0,0.0,0.0,0.0,0.0,0.0,0.0,97.0,95.9,97.0,100.0,0.08104823529720306,86.94472353160381,164635,7708779
18.2,0.0,0.0,0.0,0.0,0.0,0.0,0.0,0.0,0.0,0.0,82.5,0.0,100.0,100.0,99.0,0.0,0.0,0.0,1.0,0.0,0.0,0.0,0.0,0.0,0.0,0.0,0.0,96.9,94.8,96.0,100.0,0.08099822700023651,86.85293266177177,164559,7700546
21.3,0.0,1.0,0.0,0.0,0.0,0.0,0.0,0.0,0.0,0.0,83.5,1.0,99.0,99.0,100.0,0.0,0.0,0.0,0.0,0.0,0.0,0.0,0.0,0.0,0.0,0.0,0.0,99.0,96.0,96.0,100.0,0.07511776685714722,86.95837998390198,152560,7709960
26.1,0.0,0.0,0.0,0.0,0.0,0.0,0.0,0.0,1.0,0.0,82.3,0.0,99.0,100.0,100.0,0.0,0.0,0.0,1.0,0.0,0.0,0.0,0.0,0.0,0.0,0.0,0.0,97.0,94.8,96.9,100.0,0.08090491592884064,87.28963452577591,164337,7739284
20.6,0.0,0.0,0.0,0.0,0.0,0.0,0.0,0.0,0.0,0.0,82.0,0.0,100.0,100.0,99.0,0.0,0.0,0.0,1.0,0.0,0.0,0.0,0.0,0.0,0.0,0.0,0.0,96.0,95.9,95.9,99.0,0.08023074269294739,87.2972107231617,162974,7740058
19.5,0.0,0.0,0.0,0.0,0.0,0.0,0.0,0.0,0.0,0.0,83.5,0.0,100.0,99.0,100.0,0.0,0.0,0.0,0.0,0.0,0.0,0.0,0.0,0.0,0.0,0.0,0.0,98.0,95.9,95.9,100.0,0.08068440854549408,86.5782979875803,163901,7676141
27.5,0.0,0.0,0.0,0.0,0.0,0.0,0.0,0.0,0.0,0.0,82.8,1.0,99.0,99.0,100.0,0.0,0.0,0.0,1.0,0.0,0.0,0.0,0.0,0.0,0.0,0.0,0.0,97.0,95.8,96.8,100.0,0.07618722319602966,86.26697552204132,154754,7648708
16.1,0.0,0.0,0.0,0.0,0.0,0.0,0.0,0.0,0.0,0.0,82.3,0.0,100.0,100.0,99.0,0.0,0.0,0.0,0.0,0.0,0.0,0.0,0.0,0.0,0.0,0.0,0.0,99.0,94.8,96.0,100.0,0.07396546006202698,87.3199460953474,150206,7741883
24.4,0.0,1.0,0.0,0.0,0.0,0.0,0.0,0.0,1.0,0.0,82.3,0.0,99.0,100.0,100.0,0.0,0.0,0.0,0.0,0.0,0.0,0.0,0.0,0.0,0.0,0.0,0.0,98.0,97.0,96.9,100.0,0.07535348832607269,87.2003032118082,153047,7731249
18.0,0.0,0.0,0.0,0.0,0.0,0.0,0.0,0.0,0.0,0.0,83.3,1.0,100.0,99.0,100.0,0.0,0.0,0.0,1.0,0.0,0.0,0.0,0.0,0.0,0.0,0.0,0.0,99.0,94.9,95.9,100.0,0.07547344267368317,87.0394528657198,153307,7717149
29.3,0.0,0.0,0.0,0.0,0.0,0.0,0.0,0.0,0.0,0.0,82.8,0.0,99.0,100.0,100.0,0.0,0.0,0.0,1.0,0.0,0.0,0.0,0.0,0.0,0.0,0.0,0.0,98.0,96.0,97.0,100.0,0.076566681265831,87.04624919593334,155541,7717675
18.0,0.0,0.0,0.0,0.0,0.0,0.0,0.0,0.0,0.0,0.0,82.6,0.0,100.0,100.0,99.0,0.0,0.0,0.0,0.0,0.0,0.0,0.0,0.0,0.0,0.0,0.0,0.0,99.0,95.9,96.0,100.0,0.07675014436244965,86.99328488111496,155899,7713068
20.2,0.0,0.0,0.0,0.0,0.0,0.0,0.0,0.0,0.0,0.0,81.4,0.0,99.0,99.0,99.0,0.0,0.0,0.0,0.0,0.0,0.0,0.0,0.0,0.0,0.0,0.0,0.0,98.0,96.0,96.8,100.0,0.076877161860466,85.95778587460518,156147,7621254
20.0,0.0,0.0,0.0,0.0,0.0,0.0,0.0,0.0,0.0,0.0,81.2,0.0,99.0,99.0,100.0,0.0,0.0,0.0,1.0,0.0,0.0,0.0,0.0,0.0,0.0,0.0,0.0,98.0,94.9,96.9,100.0,0.07680635154247284,87.52592885494232,156011,7760292
24.4,0.0,1.0,0.0,0.0,0.0,0.0,0.0,0.0,0.0,0.0,82.9,0.0,100.0,100.0,99.0,0.0,0.0,0.0,0.0,0.0,0.0,0.0,0.0,0.0,0.0,0.0,0.0,97.9,95.0,97.0,100.0,0.0772881954908371,87.0886861383915,156993,7721490
23.7,0.0,0.0,0.0,0.0,0.0,0.0,0.0,0.0,0.0,0.0,81.6,0.0,99.0,100.0,100.0,0.0,0.0,0.0,1.0,0.0,0.0,0.0,0.0,0.0,1.0,0.0,0.0,98.0,95.8,95.9,100.0,0.07636001706123352,87.13586385548115,155104,7725829
24.4,0.0,1.0,0.0,0.0,0.0,0.0,0.0,0.0,1.0,0.0,81.2,0.0,99.0,99.0,100.0,0.0,0.0,0.0,1.0,0.0,0.0,0.0,0.0,0.0,0.0,0.0,0.0,98.0,95.0,97.0,100.0,0.07435113191604614,87.36678589880466,151002,7746309
17.5,0.0,0.0,0.0,0.0,0.0,0.0,0.0,0.0,0.0,0.0,82.8,0.0,100.0,100.0,99.0,0.0,0.0,0.0,0.0,0.0,0.0,0.0,0.0,0.0,0.0,0.0,0.0,99.0,95.7,97.0,100.0,0.07641750574111938,87.1016881018877,155218,7722597
27.0,0.0,0.0,0.0,0.0,0.0,0.0,0.0,0.0,0.0,0.0,82.8,0.0,99.0,100.0,100.0,0.0,0.0,0.0,0.0,0.0,0.0,0.0,0.0,0.0,0.0,0.0,0.0,98.0,95.0,96.9,100.0,0.07580913603305817,86.8179432451725,153996,7697405
22.7,0.0,0.0,0.0,0.0,0.0,0.0,0.0,0.0,0.0,0.0,82.8,0.0,99.0,100.0,99.0,0.0,0.0,0.0,1.0,0.0,0.0,0.0,0.0,0.0,0.0,0.0,0.0,97.0,95.9,96.9,100.0,0.07836522161960602,86.29628321528435,159189,7651278
20.0,0.0,0.0,0.0,0.0,0.0,0.0,0.0,0.0,0.0,0.0,82.6,0.0,99.0,99.0,100.0,0.0,0.0,0.0,0.0,0.0,0.0,0.0,0.0,0.0,0.0,0.0,0.0,98.0,95.9,96.0,100.0,0.07797259092330933,86.89519073069096,158370,7704341
18.2,0.0,0.0,0.0,0.0,0.0,0.0,0.0,0.0,0.0,0.0,81.9,0.0,99.0,99.0,99.0,0.0,0.0,0.0,1.0,0.0,0.0,0.0,0.0,0.0,0.0,0.0,0.0,97.0,96.0,96.9,99.0,0.07770814001560211,85.33315806090832,157823,7565887
16.8,0.0,0.0,0.0,0.0,0.0,0.0,0.0,0.0,0.0,0.0,83.0,1.0,100.0,100.0,100.0,0.0,0.0,0.0,0.0,0.0,0.0,0.0,0.0,0.0,0.0,0.0,0.0,96.0,95.9,96.0,100.0,0.08019527792930603,86.4586646258831,162930,7665622
19.4,0.0,0.0,0.0,0.0,0.0,0.0,0.0,0.0,1.0,0.0,82.5,0.0,99.0,99.0,100.0,0.0,0.0,0.0,1.0,0.0,0.0,0.0,0.0,0.0,0.0,0.0,0.0,98.0,95.8,96.9,100.0,0.07850901782512665,87.2809427678585,159461,7738414
26.1,0.0,0.0,0.0,0.0,0.0,0.0,0.0,0.0,0.0,0.0,82.9,0.0,100.0,100.0,99.0,0.0,0.0,0.0,1.0,0.0,0.0,0.0,0.0,0.0,0.0,0.0,0.0,98.0,95.0,97.0,100.0,0.07745009660720825,87.33787426352501,157312,7743534
23.1,0.0,0.0,0.0,0.0,0.0,0.0,0.0,0.0,0.0,0.0,82.5,0.0,100.0,100.0,100.0,0.0,0.0,0.0,0.0,0.0,0.0,0.0,0.0,0.0,0.0,0.0,0.0,98.0,95.9,96.9,100.0,0.07807701826095581,87.23304830491543,158600,7734307
28.3,0.0,0.0,0.0,0.0,0.0,0.0,0.0,0.0,0.0,0.0,82.5,0.0,99.0,100.0,100.0,0.0,0.0,0.0,1.0,0.0,0.0,0.0,0.0,0.0,0.0,0.0,0.0,98.0,95.9,96.0,100.0,0.0774824321269989,87.15869687497616,157362,7727667
20.0,0.0,0.0,0.0,0.0,0.0,0.0,0.0,0.0,0.0,0.0,82.9,0.0,100.0,100.0,100.0,0.0,0.0,0.0,1.0,0.0,0.0,0.0,0.0,0.0,0.0,0.0,0.0,98.0,94.9,97.0,100.0,0.07928583025932312,87.0007808059454,161020,7713571
23.8,0.0,1.0,0.0,0.0,0.0,0.0,0.0,0.0,0.0,0.0,82.6,0.0,99.0,99.0,99.0,0.0,0.0,0.0,0.0,0.0,0.0,0.0,0.0,0.0,0.0,0.0,0.0,97.0,95.9,96.9,100.0,0.08053164184093475,86.65681295096874,163639,7683111
13.8,0.0,0.0,0.0,0.0,0.0,0.0,0.0,0.0,0.0,0.0,83.1,0.0,100.0,100.0,100.0,0.0,0.0,0.0,0.0,0.0,0.0,0.0,0.0,0.0,0.0,0.0,0.0,97.0,94.9,96.0,100.0,0.07939644157886505,86.50491234660149,161251,7669806
20.2,0.0,0.0,0.0,0.0,0.0,0.0,0.0,0.0,0.0,0.0,82.6,1.0,100.0,100.0,99.0,0.0,0.0,0.0,1.0,0.0,0.0,0.0,0.0,0.0,0.0,0.0,0.0,96.9,94.9,96.9,100.0,0.07949270308017731,86.42976796627045,161461,7662988
17.5,0.0,0.0,0.0,0.0,0.0,0.0,0.0,0.0,0.0,0.0,82.5,0.0,100.0,100.0,100.0,0.0,0.0,0.0,0.0,0.0,0.0,0.0,0.0,0.0,1.0,0.0,0.0,98.0,95.9,95.9,100.0,0.08058494329452515,86.55529050529003,163706,7674219
20.0,0.0,0.0,0.0,0.0,0.0,0.0,0.0,0.0,0.0,0.0,83.0,0.0,99.0,100.0,100.0,0.0,0.0,0.0,1.0,0.0,0.0,0.0,0.0,0.0,0.0,0.0,0.0,97.0,95.9,96.9,100.0,0.08004269003868103,86.64673399925232,162606,7682316
17.5,0.0,0.0,0.0,0.0,0.0,0.0,0.0,0.0,0.0,0.0,81.4,1.0,100.0,100.0,99.0,0.0,0.0,0.0,1.0,0.0,0.0,0.0,0.0,0.0,0.0,0.0,0.0,97.0,96.0,96.0,100.0,0.07894645631313324,86.67278635501862,160345,7684696
29.6,0.0,0.0,0.0,0.0,0.0,0.0,0.0,0.0,0.0,0.0,82.5,0.0,100.0,99.0,100.0,0.0,0.0,0.0,0.0,0.0,0.0,0.0,0.0,0.0,0.0,0.0,0.0,98.0,95.0,97.0,100.0,0.07875071465969086,86.73869507014751,159987,7690379
20.8,0.0,0.0,0.0,0.0,0.0,0.0,0.0,0.0,0.0,0.0,83.5,0.0,99.0,100.0,100.0,0.0,0.0,0.0,1.0,0.0,0.0,0.0,0.0,0.0,0.0,0.0,0.0,98.0,95.9,96.0,100.0,0.07928353548049927,86.72498832643032,161074,7689107
27.0,0.0,0.0,0.0,0.0,0.0,0.0,0.0,0.0,0.0,0.0,82.5,0.0,100.0,100.0,100.0,0.0,0.0,0.0,0.0,0.0,0.0,0.0,0.0,0.0,0.0,0.0,0.0,98.0,95.8,96.9,100.0,0.0795123428106308,86.71312114596367,161529,7688098
20.2,0.0,1.0,0.0,0.0,0.0,0.0,0.0,0.0,0.0,0.0,82.1,0.0,100.0,100.0,100.0,0.0,0.0,0.0,0.0,0.0,0.0,0.0,0.0,0.0,0.0,0.0,0.0,97.0,95.9,96.0,100.0,0.08022792637348175,86.60205368697643,162989,7678403
28.6,0.0,0.0,0.0,0.0,0.0,0.0,0.0,0.0,0.0,0.0,82.5,0.0,99.0,99.0,100.0,0.0,0.0,0.0,1.0,0.0,0.0,0.0,0.0,0.0,0.0,0.0,0.0,96.0,95.9,96.9,100.0,0.08069312572479248,86.50411596894264,163888,7669662
21.4,0.0,1.0,0.0,0.0,0.0,0.0,0.0,0.0,0.0,0.0,82.3,1.0,100.0,100.0,99.0,0.0,0.0,0.0,1.0,0.0,0.0,0.0,0.0,0.0,0.0,0.0,0.0,97.9,94.8,96.9,100.0,0.08029681444168091,86.71490117907524,163110,7688218
16.0,0.0,0.0,0.0,0.0,0.0,0.0,0.0,0.0,0.0,0.0,82.0,0.0,99.0,100.0,100.0,0.0,0.0,0.0,0.0,0.0,0.0,0.0,0.0,0.0,0.0,0.0,0.0,96.9,95.8,97.0,100.0,0.08038629591464996,86.69991110265255,163315,7686947
24.4,0.0,0.0,0.0,0.0,0.0,0.0,0.0,0.0,0.0,0.0,83.0,0.0,100.0,100.0,100.0,0.0,0.0,0.0,1.0,0.0,0.0,0.0,0.0,0.0,0.0,0.0,0.0,97.0,95.1,95.9,100.0,0.07992705702781677,86.88182038068771,162348,7703144
21.9,0.0,0.0,0.0,0.0,0.0,0.0,0.0,0.0,0.0,0.0,82.9,0.0,100.0,100.0,100.0,0.0,0.0,0.0,1.0,0.0,0.0,0.0,0.0,0.0,0.0,0.0,0.0,98.0,95.8,96.9,100.0,0.08064678311347961,86.74009013175964,163843,7690551
17.5,0.0,0.0,0.0,0.0,0.0,0.0,0.0,0.0,0.0,0.0,83.3,0.0,99.0,99.0,100.0,0.0,0.0,0.0,0.0,0.0,0.0,0.0,0.0,0.0,0.0,0.0,0.0,97.0,96.0,96.9,100.0,0.0804419219493866,86.66848164796829,163396,7684024
21.3,0.0,0.0,0.0,0.0,0.0,0.0,0.0,0.0,0.0,0.0,82.6,0.0,100.0,100.0,99.0,0.0,0.0,0.0,1.0,0.0,0.0,0.0,0.0,0.0,0.0,0.0,0.0,98.0,94.9,96.1,100.0,0.0797581821680069,86.69680699706078,162011,7686606
19.5,0.0,0.0,0.0,0.0,0.0,0.0,0.0,0.0,0.0,0.0,82.3,0.0,100.0,100.0,100.0,0.0,0.0,0.0,0.0,0.0,0.0,0.0,0.0,0.0,0.0,0.0,0.0,97.0,95.9,96.9,100.0,0.08037762343883514,86.52888637781143,163267,7671752
17.4,0.0,0.0,0.0,0.0,0.0,0.0,0.0,0.0,0.0,0.0,83.3,0.0,99.0,100.0,100.0,0.0,0.0,0.0,0.0,0.0,0.0,0.0,0.0,0.0,0.0,0.0,0.0,96.9,95.8,96.0,100.0,0.08039961755275726,86.61273850500584,163319,7679325
14.7,0.0,0.0,0.0,0.0,0.0,0.0,0.0,0.0,0.0,0.0,82.3,0.0,100.0,99.0,100.0,0.0,0.0,0.0,1.0,0.0,0.0,0.0,0.0,0.0,0.0,0.0,0.0,96.9,95.9,96.9,100.0,0.08102649450302124,86.50273036956787,164622,7669636
26.1,1.0,0.0,0.0,0.0,0.0,0.0,0.0,0.0,0.0,0.0,83.5,0.0,99.0,100.0,99.0,0.0,0.0,0.0,1.0,0.0,0.0,0.0,0.0,0.0,0.0,0.0,0.0,97.1,95.1,96.9,100.0,0.07990270853042603,86.57613763213158,162310,7675982
21.9,0.0,0.0,0.0,0.0,0.0,0.0,0.0,0.0,0.0,0.0,82.3,0.0,99.0,99.0,100.0,0.0,0.0,0.0,0.0,0.0,0.0,0.0,0.0,0.0,0.0,0.0,0.0,98.0,96.0,95.9,100.0,0.07680705189704895,86.3342713713646,155972,7654504
25.6,0.0,0.0,0.0,0.0,0.0,0.0,0.0,0.0,0.0,0.0,82.6,0.0,100.0,100.0,100.0,0.0,0.0,0.0,0.0,0.0,0.0,0.0,0.0,0.0,0.0,0.0,0.0,98.0,95.9,95.9,100.0,0.07809139788150787,86.92447844147682,158613,7706902
17.4,0.0,0.0,0.0,0.0,0.0,0.0,0.0,0.0,0.0,0.0,80.5,0.0,99.0,100.0,99.0,0.0,0.0,0.0,2.0,0.0,0.0,0.0,0.0,0.0,0.0,0.0,0.0,98.0,95.8,96.9,100.0,0.07560934126377106,87.06793348491192,153589,7719795
13.2,0.0,0.0,0.0,0.0,0.0,0.0,0.0,0.0,0.0,0.0,83.2,0.0,100.0,100.0,100.0,0.0,0.0,0.0,0.0,0.0,1.0,0.0,0.0,0.0,0.0,0.0,0.0,99.0,94.7,96.9,100.0,0.07407079637050629,86.97046978771687,150445,7711049
14.7,0.0,0.0,0.0,0.0,0.0,0.0,0.0,0.0,0.0,0.0,81.7,0.0,99.0,99.0,100.0,0.0,0.0,0.0,0.0,0.0,0.0,0.0,0.0,0.0,0.0,0.0,0.0,98.0,95.1,97.0,100.0,0.0747813880443573,86.98200933635235,151902,7711955
16.0,0.0,1.0,0.0,0.0,0.0,0.0,0.0,0.0,0.0,0.0,82.5,0.0,100.0,100.0,99.0,0.0,0.0,0.0,1.0,0.0,0.0,0.0,0.0,0.0,0.0,0.0,0.0,99.0,96.0,96.0,100.0,0.07426561415195465,87.16145640611649,150833,7727940
15.4,0.0,0.0,0.0,0.0,0.0,0.0,0.0,0.0,0.0,0.0,78.3,0.0,94.1,94.1,95.0,0.0,0.0,0.0,0.0,0.0,0.0,0.0,0.0,0.0,0.0,0.0,0.0,93.0,90.1,91.9,94.9,0.0728425532579422,81.98791648447514,147953,7269307
0.0,0.0,0.0,0.0,0.0,0.0,0.0,0.0,0.0,0.0,0.0,0.0,0.0,0.0,0.0,0.0,0.0,0.0,0.0,1.0,0.0,0.0,0.0,0.0,0.0,0.0,0.0,0.0,0.0,0.0,0.0,0.0,1.4387071132659912e-05,1.0594725608825684e-05,11,21
