0.0,0.0,0.0,0.0,0.0,0.0,0.0,0.0,0.0,0.0,0.0,0.0,0.0,0.0,0.0,0.0,0.0,0.0,0.0,0.0,0.0,0.0,0.0,0.0,0.0,0.0,0.0,0.0,0.0,0.0,0.0,0.0,0.0,0.0,0,0
0.0,0.0,1.0,0.0,0.0,0.0,0.0,0.0,77.2,0.0,0.0,1.0,1.0,0.0,0.0,4.0,0.0,0.0,0.0,0.0,0.0,0.0,0.0,0.0,0.0,0.0,0.0,0.0,7.1,0.0,0.0,80.9,0.012195877730846405,24.146803222596645,24798,2141937
0.0,0.0,0.0,0.0,0.0,0.0,0.0,0.0,100.0,0.0,0.0,0.0,0.0,0.0,0.0,0.0,0.0,0.0,0.0,0.0,0.0,0.0,0.0,0.0,0.0,0.0,0.0,0.0,13.6,0.0,0.0,83.9,0.013018473982810974,27.423703655600548,26473,2432035
0.0,0.0,0.0,0.0,0.0,0.0,0.0,0.0,100.0,0.0,0.0,0.0,0.0,0.0,0.0,0.0,0.0,0.0,0.0,0.0,0.0,0.0,0.0,0.0,0.0,0.0,0.0,0.0,12.0,0.0,0.0,85.5,0.012954413890838623,27.425649613142014,26336,2432202
0.0,0.0,0.0,0.0,0.0,0.0,0.0,0.0,100.0,0.0,0.0,0.0,0.0,0.0,0.0,0.0,0.0,0.0,0.0,0.0,0.0,0.0,0.0,0.0,0.0,0.0,0.0,0.0,11.0,0.0,0.0,84.8,0.012910068035125732,27.403195053339005,26242,2430242
0.0,0.0,0.0,0.0,0.0,0.0,0.0,0.0,100.0,0.0,0.0,0.0,0.0,0.0,0.0,0.0,0.0,0.0,0.0,0.0,0.0,0.0,0.0,0.0,0.0,0.0,0.0,0.0,10.2,0.0,0.0,84.8,0.013043493032455444,27.348133385181427,26516,2425476
0.0,0.0,0.0,0.0,0.0,0.0,0.0,0.0,100.0,0.0,0.0,0.0,0.0,0.0,0.0,0.0,0.0,0.0,0.0,0.0,0.0,0.0,0.0,1.0,0.0,0.0,0.0,0.0,13.6,0.0,0.0,85.2,0.012953951954841614,27.42029842734337,26332,2431921
1.0,0.0,0.0,0.0,0.0,0.0,0.0,0.0,62.0,0.0,0.0,34.0,2.0,0.0,0.0,5.0,0.0,0.0,0.0,0.0,0.0,0.0,0.0,0.0,0.0,0.0,0.0,0.0,8.8,0.0,0.0,83.3,0.012287706136703491,25.75571845471859,24982,2284303
0.0,0.0,0.0,0.0,0.0,0.0,0.0,0.0,0.0,0.0,0.0,100.0,6.1,0.0,0.0,0.0,0.0,0.0,0.0,0.0,0.0,0.0,0.0,0.0,0.0,0.0,0.0,0.0,0.0,0.0,0.0,76.4,0.01036214828491211,22.602056607604027,21072,2004719
1.0,0.0,0.0,0.0,0.0,0.0,0.0,0.0,0.0,87.0,0.0,8.0,1.0,0.0,0.0,5.0,1.0,0.0,0.0,0.0,0.0,0.0,0.0,0.0,0.0,0.0,0.0,0.0,0.0,10.9,0.0,83.3,0.012823432683944702,26.733821153640747,26076,2370844
0.0,0.0,0.0,0.0,0.0,0.0,0.0,0.0,0.0,100.0,0.0,0.0,0.0,0.0,0.0,0.0,0.0,0.0,0.0,0.0,0.0,0.0,0.0,0.0,0.0,0.0,0.0,0.0,0.0,12.7,0.0,85.7,0.012987315654754639,27.215457051992416,26410,2413426
0.0,0.0,0.0,0.0,0.0,0.0,0.0,0.0,0.0,11.0,0.0,0.0,0.0,0.0,0.0,0.0,0.0,0.0,0.0,0.0,0.0,0.0,0.0,0.0,0.0,89.1,11.9,0.0,0.0,2.0,0.0,86.0,0.012867555022239685,27.02897374331951,26167,2396923
0.0,0.0,0.0,0.0,0.0,0.0,0.0,0.0,0.0,0.0,0.0,0.0,0.0,0.0,0.0,0.0,0.0,0.0,0.0,0.0,0.0,0.0,0.0,1.0,0.0,100.0,11.0,0.0,0.0,0.0,0.0,85.0,0.012859642505645752,27.027860566973686,26150,2396819
0.0,0.0,0.0,0.0,0.0,0.0,0.0,0.0,0.0,0.0,0.0,0.0,0.0,0.0,0.0,0.0,0.0,0.0,0.0,0.0,0.0,0.0,0.0,0.0,0.0,100.0,9.3,0.0,0.0,0.0,0.0,84.4,0.01286017894744873,27.02184823155403,26152,2396286
0.0,0.0,0.0,0.0,0.0,0.0,0.0,0.0,0.0,0.0,0.0,0.0,0.0,0.0,0.0,0.0,0.0,0.0,0.0,0.0,0.0,0.0,0.0,0.0,0.0,100.0,10.1,0.0,0.0,0.0,0.0,83.2,0.012779533863067627,27.044132962822914,25988,2398409
0.0,0.0,0.0,0.0,0.0,0.0,0.0,0.0,0.0,0.0,0.0,0.0,0.0,0.0,0.0,0.0,0.0,0.0,1.0,0.0,0.0,0.0,0.0,0.0,0.0,100.0,11.1,0.0,0.0,0.0,0.0,84.2,0.012781545519828796,27.06084953248501,25991,2399831
1.0,0.0,0.0,0.0,0.0,0.0,0.0,0.0,0.0,0.0,0.0,0.0,0.0,0.0,0.0,0.0,1.0,0.0,0.0,0.0,0.0,0.0,0.0,0.0,0.0,100.0,10.1,0.0,0.0,0.0,0.0,83.2,0.01277594268321991,27.059883639216423,25979,2399783
0.0,0.0,0.0,0.0,0.0,0.0,0.0,0.0,0.0,0.0,0.0,0.0,0.0,0.0,0.0,0.0,1.0,0.0,0.0,0.0,0.0,0.0,0.0,0.0,0.0,100.0,11.1,0.0,0.0,0.0,0.0,83.5,0.012774080038070679,27.05309794843197,25976,2399247
1.0,0.0,0.0,0.0,0.0,0.0,0.0,0.0,0.0,0.0,0.0,0.0,0.0,0.0,0.0,0.0,0.0,0.0,0.0,0.0,0.0,0.0,0.0,1.0,0.0,100.0,11.0,0.0,0.0,0.0,0.0,82.7,0.0127839595079422,27.05353480577469,25997,2399208
0.0,0.0,0.0,0.0,0.0,0.0,0.0,0.0,0.0,0.0,0.0,0.0,0.0,0.0,0.0,0.0,0.0,0.0,0.0,0.0,0.0,0.0,0.0,0.0,0.0,100.0,6.4,0.0,0.0,0.0,0.0,83.5,0.012796029448509216,27.04384483397007,26021,2398257
0.0,0.0,0.0,0.0,0.0,0.0,0.0,0.0,0.0,0.0,0.0,0.0,0.0,0.0,0.0,0.0,0.0,0.0,0.0,0.0,0.0,0.0,0.0,0.0,0.0,100.0,12.9,0.0,0.0,0.0,0.0,83.3,0.012776941061019897,27.074201196432114,25982,2401034
0.0,0.0,0.0,0.0,0.0,0.0,0.0,0.0,0.0,0.0,0.0,0.0,0.0,0.0,0.0,0.0,0.0,0.0,0.0,0.0,0.0,0.0,0.0,0.0,0.0,100.0,10.1,0.0,0.0,0.0,0.0,83.3,0.012780025601387024,27.06912113726139,25989,2400621
0.0,0.0,0.0,0.0,0.0,0.0,0.0,0.0,0.0,0.0,0.0,0.0,0.0,0.0,0.0,0.0,0.0,0.0,0.0,0.0,0.0,0.0,0.0,0.0,0.0,100.0,13.7,0.0,0.0,0.0,0.0,83.8,0.012790843844413757,27.0604068338871,26009,2399766
0.0,0.0,0.0,0.0,0.0,0.0,0.0,0.0,0.0,0.0,0.0,0.0,0.0,0.0,0.0,0.0,0.0,0.0,0.0,0.0,0.0,0.0,0.0,0.0,0.0,100.0,9.2,0.0,0.0,0.0,0.0,84.1,0.012780025601387024,27.081304624676704,25989,2401625
0.0,0.0,1.0,0.0,0.0,0.0,0.0,0.0,0.0,0.0,0.0,0.0,0.0,0.0,0.0,0.0,0.0,0.0,0.0,0.0,0.0,0.0,0.0,1.0,0.0,100.0,15.4,0.0,0.0,0.0,0.0,83.3,0.012774035334587097,27.068389132618904,25975,2400505
0.0,0.0,1.0,0.0,0.0,0.0,0.0,0.0,0.0,0.0,0.0,0.0,0.0,0.0,0.0,0.0,0.0,0.0,0.0,0.0,7.9,0.0,0.0,0.0,0.0,100.0,10.1,0.0,0.0,0.0,0.0,84.8,0.012787625193595886,27.07799543440342,26003,2401285
0.0,0.0,0.0,0.0,0.0,0.0,0.0,0.0,0.0,0.0,0.0,0.0,0.0,0.0,0.0,0.0,0.0,0.0,0.0,0.0,0.0,0.0,0.0,0.0,0.0,100.0,11.1,0.0,0.0,0.0,0.0,83.2,0.012775599956512451,27.070708632469177,25980,2400712
0.0,0.0,0.0,0.0,0.0,0.0,0.0,0.0,0.0,0.0,0.0,0.0,0.0,0.0,0.0,0.0,0.0,0.0,0.0,0.0,0.0,0.0,0.0,0.0,0.0,100.0,11.0,0.0,0.0,0.0,0.0,83.6,0.012773409485816956,27.05771976709366,25975,2399572
0.0,0.0,0.0,0.0,0.0,0.0,0.0,0.0,0.0,0.0,0.0,0.0,0.0,0.0,0.0,0.0,0.0,0.0,0.0,0.0,0.0,0.0,0.0,2.0,0.0,100.0,12.0,0.0,0.0,0.0,0.0,83.3,0.01276920735836029,27.077873185276985,25967,2401377
1.0,0.0,0.0,0.0,0.0,0.0,0.0,0.0,0.0,0.0,0.0,0.0,0.0,0.0,0.0,0.0,0.0,0.0,0.0,0.0,0.0,0.0,0.0,0.0,0.0,100.0,12.0,0.0,0.0,0.0,0.0,83.6,0.012801036238670349,27.10841405391693,26031,2404016
1.0,0.0,0.0,0.0,0.0,0.0,0.0,0.0,0.0,0.0,0.0,0.0,0.0,0.0,0.0,0.0,0.0,0.0,0.0,0.0,0.0,0.0,0.0,0.0,0.0,100.0,11.0,0.0,0.0,0.0,0.0,84.1,0.012809038162231445,27.104680731892586,26048,2403693
0.0,0.0,0.0,0.0,0.0,0.0,0.0,0.0,0.0,0.0,0.0,0.0,0.0,0.0,0.0,0.0,0.0,0.0,0.0,0.0,0.0,0.0,0.0,0.0,0.0,100.0,11.1,0.0,0.0,0.0,0.0,83.3,0.012790665030479431,27.110869020223618,26009,2404278
0.0,0.0,0.0,0.0,0.0,0.0,0.0,0.0,0.0,0.0,0.0,0.0,0.0,0.0,0.0,0.0,0.0,0.0,0.0,0.0,0.0,0.0,0.0,0.0,0.0,100.0,9.2,0.0,0.0,0.0,0.0,84.1,0.012822717428207397,27.098822504281998,26074,2403178
0.0,0.0,0.0,0.0,0.0,0.0,0.0,0.0,0.0,0.0,0.0,0.0,0.0,0.0,0.0,0.0,0.0,0.0,0.0,0.0,0.0,0.0,0.0,0.0,0.0,100.0,12.0,0.0,0.0,0.0,0.0,83.9,0.012803629040718079,27.12465873360634,26037,2405490
0.0,0.0,0.0,0.0,0.0,0.0,0.0,0.0,0.0,0.0,0.0,0.0,0.0,0.0,0.0,0.0,1.0,0.0,0.0,0.0,0.0,0.0,0.0,0.0,0.0,100.0,12.7,0.0,0.0,0.0,0.0,83.9,0.012807026505470276,27.100733503699303,26043,2403367
0.0,0.0,0.0,0.0,0.0,0.0,0.0,0.0,0.0,0.0,0.0,0.0,0.0,0.0,0.0,0.0,0.0,0.0,0.0,0.0,0.0,0.0,0.0,0.0,0.0,100.0,11.1,0.0,0.0,0.0,0.0,83.9,0.012820348143577576,27.09785668551922,26071,2403071
0.0,0.0,0.0,0.0,0.0,0.0,0.0,0.0,0.0,0.0,0.0,0.0,0.0,0.0,0.0,0.0,0.0,0.0,0.0,0.0,0.0,0.0,0.0,0.0,0.0,100.0,12.0,0.0,0.0,0.0,0.0,84.5,0.012817934155464172,27.123659417033195,26065,2405347
0.0,0.0,0.0,0.0,0.0,0.0,0.0,0.0,0.0,0.0,0.0,0.0,0.0,0.0,0.0,0.0,0.0,0.0,0.0,0.0,0.0,0.0,0.0,0.0,0.0,100.0,10.1,0.0,0.0,0.0,0.0,84.1,0.01283031702041626,27.101238548755646,26090,2403412
0.0,0.0,0.0,0.0,0.0,0.0,0.0,0.0,0.0,0.0,0.0,0.0,0.0,0.0,0.0,0.0,0.0,0.0,0.0,0.0,0.0,0.0,0.0,0.0,0.0,100.0,12.9,0.0,0.0,0.0,0.0,83.8,0.012800410389900208,27.09729002416134,26029,2402991
0.0,0.0,0.0,0.0,0.0,0.0,0.0,0.0,0.0,0.0,0.0,0.0,0.0,0.0,0.0,0.0,0.0,0.0,0.0,0.0,0.0,0.0,0.0,0.0,0.0,100.0,11.9,0.0,0.0,0.0,0.0,84.5,0.01280166208744049,27.099478662014008,26033,2403196
0.0,0.0,0.0,0.0,0.0,0.0,0.0,0.0,0.0,0.0,0.0,0.0,0.0,0.0,0.0,0.0,1.0,0.0,0.0,0.0,0.0,0.0,0.0,0.0,0.0,100.0,12.0,0.0,0.0,0.0,0.0,83.9,0.012789636850357056,27.101841554045677,26008,2403499
0.0,0.0,0.0,0.0,0.0,0.0,0.0,0.0,0.0,0.0,0.0,0.0,0.0,0.0,0.0,0.0,0.0,0.0,0.0,0.0,0.0,0.0,0.0,0.0,0.0,100.0,11.1,0.0,0.0,0.0,0.0,83.9,0.012809038162231445,27.098974242806435,26048,2403169
0.0,0.0,0.0,0.0,0.0,0.0,0.0,0.0,0.0,0.0,0.0,0.0,0.0,0.0,0.0,0.0,0.0,0.0,0.0,0.0,0.0,0.0,0.0,0.0,0.0,100.0,11.9,0.0,0.0,0.0,0.0,84.1,0.012786373496055603,27.09310480952263,26002,2402693
0.0,0.0,0.0,0.0,0.0,0.0,0.0,0.0,0.0,0.0,0.0,0.0,0.0,0.0,0.0,0.0,0.0,0.0,0.0,0.0,0.0,0.0,0.0,0.0,0.0,100.0,7.4,0.0,0.0,0.0,0.0,84.2,0.012799963355064392,27.115865126252174,26029,2404697
2.0,0.0,0.0,0.0,0.0,0.0,0.0,0.0,0.0,17.0,0.0,0.0,0.0,0.0,0.0,0.0,0.0,0.0,0.0,0.0,0.0,0.0,0.0,0.0,0.0,83.0,9.0,0.0,0.0,2.0,0.0,83.5,0.012770324945449829,27.019960269331932,25968,2396223
0.0,0.0,0.0,0.0,0.0,0.0,0.0,0.0,0.0,0.0,0.0,0.0,0.0,0.0,0.0,0.0,0.0,0.0,1.0,0.0,0.0,0.0,0.0,0.0,0.0,100.0,9.3,0.0,0.0,0.0,0.0,84.7,0.01282772421836853,27.12214647233486,26086,2405223
0.0,0.0,0.0,0.0,0.0,0.0,0.0,0.0,0.0,0.0,0.0,0.0,0.0,0.0,0.0,0.0,0.0,0.0,0.0,0.0,0.0,0.0,0.0,0.0,0.0,100.0,11.0,0.0,0.0,0.0,0.0,85.0,0.012857988476753235,27.129589781165123,26147,2405879
0.0,0.0,0.0,0.0,1.0,0.0,0.0,0.0,0.0,0.0,0.0,0.0,0.0,0.0,0.0,0.0,0.0,0.0,0.0,0.0,0.0,0.0,0.0,1.0,0.0,100.0,11.1,0.0,0.0,0.0,0.0,84.3,0.012834832072257996,27.131389394402504,26099,2405989
0.0,0.0,0.0,0.0,0.0,0.0,0.0,0.0,0.0,0.0,0.0,0.0,0.0,0.0,0.0,0.0,0.0,0.0,0.0,0.0,0.0,0.0,0.0,0.0,0.0,100.0,12.0,0.0,0.0,0.0,0.0,83.8,0.012854143977165222,27.12318803369999,26139,2405321
0.0,1.0,0.0,0.0,0.0,0.0,0.0,0.0,0.0,0.0,0.0,0.0,0.0,0.0,0.0,0.0,0.0,0.0,0.0,0.0,0.0,0.0,0.0,0.0,0.0,100.0,10.1,0.0,0.0,0.0,0.0,83.9,0.012837544083595276,27.127014935016632,26105,2405640
0.0,0.0,0.0,0.0,0.0,0.0,0.0,0.0,0.0,0.0,0.0,0.0,0.0,0.0,0.0,0.0,0.0,1.0,0.0,0.0,0.0,0.0,0.0,0.0,0.0,100.0,10.2,0.0,0.0,0.0,0.0,84.2,0.012829691171646118,27.116432428359985,26090,2404724
0.0,0.0,0.0,0.0,0.0,0.0,0.0,0.0,0.0,0.0,0.0,0.0,0.0,0.0,0.0,0.0,0.0,0.0,0.0,0.0,0.0,0.0,0.0,1.0,0.0,100.0,9.3,0.0,0.0,0.0,0.0,84.7,0.012857183814048767,27.115371003746986,26145,2404625
0.0,0.0,0.0,0.0,0.0,0.0,0.0,0.0,0.0,0.0,0.0,0.0,0.0,0.0,0.0,0.0,0.0,0.0,0.0,0.0,0.0,0.0,0.0,0.0,0.0,100.0,14.4,0.0,0.0,0.0,0.0,84.7,0.012838497757911682,27.129070222377777,26107,2405816
0.0,0.0,0.0,0.0,0.0,0.0,0.0,0.0,0.0,0.0,0.0,0.0,0.0,0.0,0.0,0.0,0.0,0.0,0.0,0.0,0.0,0.0,0.0,0.0,0.0,100.0,11.1,0.0,0.0,0.0,0.0,84.3,0.012864649295806885,27.127633199095726,26160,2405651
1.0,0.0,0.0,0.0,0.0,0.0,0.0,0.0,0.0,0.0,0.0,0.0,0.0,0.0,0.0,0.0,0.0,0.0,0.0,0.0,0.0,0.0,0.0,0.0,0.0,100.0,11.0,0.0,0.0,0.0,0.0,83.6,0.012805193662643433,27.122884526848793,26038,2405317
0.0,0.0,0.0,0.0,0.0,0.0,0.0,0.0,0.0,0.0,0.0,0.0,0.0,0.0,0.0,0.0,0.0,1.0,1.0,0.0,0.0,0.0,0.0,0.0,0.0,100.0,10.2,0.0,0.0,0.0,0.0,83.6,0.012853294610977173,27.132401809096336,26138,2406119
0.0,0.0,0.0,0.0,0.0,0.0,0.0,0.0,0.0,0.0,0.0,0.0,0.0,0.0,0.0,0.0,0.0,0.0,0.0,0.0,0.0,0.0,0.0,0.0,0.0,100.0,9.2,0.0,0.0,0.0,0.0,85.6,0.012846678495407104,27.126954063773155,26124,2405683
0.0,0.0,0.0,0.0,0.0,0.0,0.0,0.0,0.0,0.0,0.0,0.0,0.0,0.0,0.0,0.0,0.0,0.0,0.0,0.0,0.0,0.0,0.0,0.0,0.0,100.0,14.6,0.0,0.0,0.0,0.0,83.5,0.012820348143577576,27.126849099993706,26071,2405687
0.0,0.0,0.0,0.0,0.0,0.0,0.0,0.0,0.0,0.0,0.0,0.0,0.0,0.0,0.0,0.0,0.0,0.0,0.0,0.0,0.0,0.0,0.0,0.0,0.0,100.0,12.0,0.0,0.0,0.0,0.0,83.8,0.01282857358455658,27.11571255326271,26087,2404650
0.0,0.0,0.0,0.0,0.0,0.0,0.0,0.0,0.0,0.0,0.0,0.0,0.0,0.0,0.0,0.0,0.0,0.0,0.0,0.0,0.0,0.0,0.0,0.0,0.0,100.0,14.4,0.0,0.0,0.0,0.0,84.1,0.012830182909965515,27.118535086512566,26091,2404927
