0.0,0.0,0.0,0.0,0.0,0.0,0.0,0.0,0.0,0.0,0.0,0.0,0.0,0.0,0.0,0.0,0.0,0.0,0.0,0.0,0.0,0.0,0.0,0.0,0.0,0.0,0.0,0.0,0.0,0.0,0.0,0.0,0.0,0.0,0,0
0.0,0.0,0.0,0.0,0.0,0.0,0.0,0.0,0.0,0.0,21.7,0.0,41.9,22.8,0.0,9.5,0.0,0.0,1.0,0.0,0.0,0.0,0.0,0.0,0.0,0.0,0.0,0.0,42.7,52.5,53.6,69.5,50.850001230835915,0.0683956891298294,4508457,139067
0.0,0.0,0.0,0.0,1.0,0.0,0.0,0.0,0.0,0.0,11.8,0.0,68.4,4.3,0.0,12.0,0.0,0.0,0.0,0.0,0.0,0.0,0.0,0.0,0.0,0.0,0.0,0.0,47.4,51.5,41.0,62.2,53.982206240296364,0.07229939103126526,4785889,147020
1.0,0.0,0.0,0.0,0.0,0.0,0.0,0.0,0.0,0.0,10.3,0.0,67.7,4.4,0.0,8.0,0.0,0.0,0.0,0.0,0.0,0.0,0.0,0.0,0.0,0.0,0.0,0.0,52.1,55.4,32.3,66.7,54.04014632105827,0.07276736199855804,4791066,147969
0.0,0.0,0.0,0.0,0.0,0.0,0.0,0.0,0.0,0.0,10.3,0.0,55.0,11.6,0.0,6.0,0.0,0.0,0.0,0.0,0.0,0.0,0.0,0.0,0.0,0.0,0.0,0.0,57.9,56.7,34.3,66.3,54.07329864799976,0.07297223806381226,4794037,148390
1.0,0.0,0.0,0.0,0.0,0.0,0.0,0.0,0.0,0.0,16.9,0.0,69.4,0.0,0.0,20.2,0.0,0.0,1.0,0.0,0.0,0.0,0.0,0.0,0.0,0.0,0.0,0.0,62.4,72.3,39.6,29.5,54.15579070150852,0.07288148999214172,4801097,148206
0.0,0.0,0.0,0.0,0.0,0.0,0.0,1.0,0.0,0.0,16.3,0.0,70.8,0.0,0.0,9.5,0.0,0.0,0.0,0.0,0.0,0.0,0.0,0.0,0.0,0.0,0.0,0.0,58.6,59.6,49.5,35.1,54.03468398749828,0.07314524054527283,4790267,148736
0.0,0.0,0.0,0.0,1.0,0.0,0.0,0.0,0.0,0.0,11.6,0.0,74.5,1.0,0.0,11.2,0.0,0.0,0.0,0.0,0.0,0.0,0.0,0.0,0.0,0.0,0.0,0.0,53.8,57.1,38.9,45.9,53.99712201952934,0.07243756949901581,4786978,147287
0.0,0.0,0.0,0.0,0.0,0.0,0.0,0.0,0.0,0.0,13.5,0.0,74.5,0.0,0.0,11.5,0.0,0.0,0.0,0.0,0.0,0.0,0.0,0.0,0.0,0.0,0.0,0.0,61.2,57.6,35.8,36.8,53.94354146718979,0.07255005836486816,4782156,147524
2.9,0.0,0.0,0.0,1.0,0.0,0.0,0.0,0.0,0.0,13.8,0.0,73.7,0.0,0.0,11.5,0.0,0.0,0.0,0.0,0.0,0.0,0.0,0.0,0.0,0.0,0.0,0.0,58.9,60.6,42.0,41.6,54.02003811299801,0.07278569042682648,4788938,148006
0.0,0.0,0.0,0.0,0.0,0.0,0.0,0.0,0.0,0.0,11.8,0.0,74.0,0.0,0.0,12.1,0.0,0.0,0.0,0.0,0.0,0.0,0.0,0.0,0.0,0.0,0.0,0.0,57.6,56.2,40.6,36.7,54.127381548285484,0.0728594958782196,4798455,148160
0.0,0.0,0.0,0.0,0.0,0.0,0.0,0.0,0.0,0.0,11.4,0.0,73.7,0.0,0.0,7.0,0.0,0.0,0.0,0.0,0.0,0.0,0.0,0.0,0.0,0.0,0.0,0.0,52.8,51.0,37.0,40.6,53.889602825045586,0.07255822420120239,4777379,147518
1.0,0.0,0.0,0.0,0.0,0.0,0.0,0.0,0.0,0.0,11.5,0.0,74.7,0.0,0.0,14.3,0.0,0.0,0.0,0.0,0.0,0.0,0.0,0.0,0.0,0.0,0.0,0.0,58.8,58.0,39.2,37.5,53.72829042375088,0.07250051200389862,4763075,147383
1.0,0.0,0.0,0.0,1.0,0.0,0.0,0.0,0.0,0.0,12.5,0.0,73.5,0.0,0.0,17.2,0.0,0.0,0.0,0.0,0.0,0.0,0.0,0.0,0.0,0.0,0.0,0.0,66.7,65.7,31.6,33.7,53.85405866801739,0.07251518964767456,4774231,147406
2.9,0.0,0.0,0.0,0.0,0.0,0.0,0.0,0.0,0.0,10.5,0.0,72.4,0.0,0.0,15.9,0.0,0.0,0.0,0.0,0.0,0.0,0.0,0.0,0.0,0.0,0.0,0.0,65.0,67.0,34.7,30.1,53.97378455102444,0.07283651828765869,4784835,148120
2.0,0.0,0.0,0.0,0.0,0.0,0.0,0.0,0.0,0.0,13.8,0.0,72.5,0.0,0.0,9.5,0.0,0.0,0.0,0.0,0.0,0.0,0.0,0.0,0.0,0.0,0.0,0.0,60.6,62.0,37.6,33.3,52.919422551989555,0.07111634314060211,4691367,144563
0.0,0.0,0.0,0.0,0.0,0.0,0.0,0.0,0.0,0.0,10.6,0.0,72.8,0.0,0.0,17.2,0.0,0.0,0.0,0.0,0.0,0.0,0.0,0.0,0.0,0.0,0.0,0.0,62.1,57.1,35.8,36.4,54.258222445845604,0.07349061965942383,4810055,149444
1.0,0.0,0.0,0.0,0.0,0.0,0.0,0.0,0.0,0.0,9.3,0.0,75.0,0.0,0.0,8.2,0.0,1.0,0.0,0.0,0.0,0.0,0.0,0.0,0.0,0.0,0.0,0.0,60.6,53.5,37.0,38.8,53.80078308284283,0.07262513041496277,4769535,147664
1.0,0.0,0.0,0.0,0.0,0.0,0.0,0.0,0.0,0.0,9.3,0.0,73.3,0.0,0.0,8.2,0.0,0.0,0.0,0.0,0.0,0.0,0.0,0.0,0.0,0.0,0.0,0.0,60.6,57.8,35.7,37.6,52.46697275340557,0.07089504599571228,4651255,144170
1.0,0.0,0.0,0.0,0.0,0.0,0.0,0.0,0.0,0.0,13.6,0.0,68.0,0.0,0.0,17.0,0.0,0.0,0.0,0.0,0.0,0.0,0.0,0.0,0.0,0.0,0.0,0.0,67.6,67.3,40.8,27.5,52.085953921079636,0.07030786573886871,4617506,142965
0.0,0.0,0.0,0.0,0.0,0.0,0.0,0.0,0.0,0.0,19.6,0.0,67.0,0.0,0.0,12.8,0.0,0.0,0.0,0.0,0.0,0.0,0.0,0.0,0.0,0.0,0.0,0.0,66.7,63.5,40.2,24.5,51.64993034303188,0.06995594501495361,4578827,142244
0.0,0.0,0.0,0.0,0.0,0.0,0.0,0.0,0.0,0.0,9.4,0.0,68.5,0.0,0.0,14.8,0.0,0.0,0.0,0.0,0.0,0.0,0.0,0.0,0.0,0.0,0.0,0.0,63.9,58.7,37.5,26.3,51.57520450651646,0.06974920630455017,4572201,141828
0.0,0.0,0.0,0.0,0.0,0.0,0.0,0.0,0.0,0.0,14.0,0.0,74.5,0.0,0.0,13.1,0.0,0.0,0.0,0.0,0.0,0.0,0.0,0.0,0.0,0.0,0.0,0.0,68.6,63.8,25.7,36.9,51.850228399038315,0.06963476538658142,4596582,141600
1.0,0.0,0.0,0.0,0.0,0.0,0.0,0.0,0.0,0.0,13.2,0.0,71.9,0.0,0.0,14.0,0.0,0.0,0.0,0.0,0.0,0.0,0.0,0.0,0.0,0.0,0.0,0.0,67.6,63.4,31.0,32.0,51.58834137022495,0.06946459412574768,4573365,141222
1.0,0.0,0.0,0.0,0.0,0.0,0.0,0.0,0.0,0.0,10.2,0.0,69.3,0.0,0.0,11.8,0.0,1.0,0.0,0.0,0.0,0.0,0.0,0.0,0.0,0.0,0.0,0.0,64.7,60.2,33.0,34.0,51.75756859779358,0.06984075903892517,4588368,142018
0.0,0.0,0.0,0.0,0.0,0.0,0.0,0.0,0.0,0.0,16.9,0.0,66.7,0.0,0.0,12.5,0.0,0.0,0.0,0.0,0.0,0.0,0.0,0.0,0.0,0.0,0.0,0.0,58.3,62.0,43.9,35.6,51.31925891339779,0.06942248344421387,4549519,141120
0.0,0.0,0.0,0.0,0.0,0.0,0.0,0.0,0.0,0.0,14.6,0.0,66.3,0.0,0.0,12.8,0.0,1.0,0.0,0.0,0.0,0.0,0.0,0.0,0.0,0.0,0.0,0.0,58.9,60.6,37.6,27.2,51.47237130999565,0.0695866197347641,4563082,141511
1.0,0.0,0.0,0.0,0.0,0.0,0.0,0.0,0.0,0.0,12.6,0.0,70.8,0.0,0.0,11.6,0.0,0.0,0.0,0.0,0.0,0.0,0.0,0.0,0.0,0.0,0.0,0.0,62.5,61.1,41.0,32.7,51.85462495684624,0.07062812149524689,4597086,143629
1.0,0.0,0.0,0.0,0.0,0.0,0.0,0.0,0.0,0.0,31.9,0.0,67.0,4.2,0.0,2.3,0.0,0.0,0.0,0.0,0.0,0.0,0.0,0.0,0.0,0.0,0.0,0.0,59.6,65.1,51.0,42.6,51.619820430874825,0.07322990894317627,4576925,148920
0.0,0.0,0.0,0.0,0.0,0.0,0.0,0.0,0.0,0.0,19.1,0.0,67.3,4.0,0.0,11.2,0.0,0.0,0.0,0.0,0.0,0.0,0.0,0.0,0.0,0.0,0.0,0.0,55.2,58.6,44.4,34.3,49.368417114019394,0.06718482077121735,4376670,136527
0.0,0.0,0.0,0.0,0.0,0.0,0.0,0.0,0.0,0.0,12.9,0.0,67.7,0.0,0.0,15.2,0.0,0.0,0.0,0.0,0.0,0.0,0.0,0.0,0.0,0.0,0.0,0.0,55.1,59.8,49.5,32.7,49.64353629946709,0.06753705441951752,4400970,137343
0.0,0.0,0.0,0.0,0.0,0.0,0.0,0.0,0.0,0.0,16.7,0.0,67.7,0.0,0.0,16.5,0.0,0.0,0.0,0.0,0.0,0.0,0.0,0.0,0.0,0.0,0.0,0.0,56.6,58.1,49.5,33.7,49.83984935283661,0.06823310256004333,4418588,138666
1.0,0.0,0.0,0.0,0.0,0.0,0.0,0.0,0.0,0.0,17.6,0.0,65.6,0.0,0.0,10.2,0.0,0.0,0.0,0.0,0.0,0.0,0.0,0.0,0.0,0.0,0.0,0.0,59.4,56.7,45.0,27.3,48.951437041163445,0.06672537326812744,4339599,135682
0.0,0.0,0.0,0.0,0.0,0.0,0.0,0.0,0.0,0.0,9.5,0.0,64.8,0.0,0.0,10.2,0.0,0.0,0.0,0.0,0.0,0.0,0.0,0.0,0.0,0.0,0.0,0.0,58.3,55.7,42.0,30.4,49.22542141377926,0.06722627580165863,4363983,136711
1.0,0.0,0.0,0.0,0.0,0.0,0.0,0.0,0.0,0.0,12.4,0.0,70.2,0.0,0.0,13.2,0.0,0.0,0.0,0.0,0.0,0.0,0.0,0.0,0.0,0.0,0.0,0.0,62.6,53.1,33.3,27.0,48.75116468966007,0.06657907366752625,4321921,135306
1.0,0.0,0.0,0.0,0.0,0.0,0.0,0.0,0.0,0.0,8.2,0.0,71.4,0.0,0.0,9.3,0.0,0.0,0.0,0.0,0.0,0.0,0.0,0.0,0.0,0.0,0.0,0.0,63.4,55.0,34.3,25.3,49.08671496808529,0.06676158308982849,4351591,135766
0.0,0.0,0.0,0.0,0.0,0.0,0.0,0.0,0.0,0.0,8.1,0.0,70.1,1.0,0.0,9.3,0.0,0.0,0.0,0.0,0.0,0.0,0.0,0.0,0.0,0.0,0.0,0.0,65.0,59.4,33.0,27.4,49.647693902254105,0.06761474907398224,4401362,137501
1.0,0.0,0.0,0.0,0.0,0.0,0.0,0.0,0.0,0.0,12.8,0.0,68.4,0.0,0.0,9.2,0.0,1.0,0.0,0.0,0.0,0.0,0.0,0.0,0.0,0.0,1.0,0.0,62.5,57.8,42.4,27.3,49.377225294709206,0.06746214628219604,4377381,137122
0.0,0.0,0.0,0.0,0.0,0.0,0.0,0.0,0.0,0.0,7.2,0.0,74.3,0.0,0.0,6.0,0.0,0.0,0.0,0.0,0.0,0.0,0.0,0.0,0.0,0.0,0.0,0.0,65.3,56.1,37.1,25.3,51.524551168084145,0.06980593502521515,4567713,141957
1.0,0.0,0.0,0.0,0.0,0.0,0.0,0.0,0.0,0.0,9.5,0.0,71.3,1.0,0.0,12.8,0.0,0.0,0.0,0.0,0.0,0.0,0.0,0.0,0.0,0.0,0.0,0.0,64.9,61.2,32.2,28.4,53.860740795731544,0.07282529771327972,4774853,148085
1.0,0.0,0.0,0.0,0.0,0.0,0.0,0.0,0.0,0.0,7.1,0.0,73.5,0.0,0.0,19.8,0.0,0.0,0.0,0.0,0.0,0.0,0.0,0.0,0.0,0.0,0.0,0.0,70.3,63.0,36.5,27.3,53.90599665045738,0.07280921936035156,4778882,148034
1.0,0.0,0.0,0.0,0.0,0.0,0.0,0.0,0.0,0.0,7.2,0.0,70.3,0.0,0.0,14.8,0.0,0.0,0.0,0.0,0.0,0.0,0.0,0.0,0.0,0.0,0.0,0.0,65.6,54.3,35.1,28.6,53.863120049238205,0.07264645397663116,4775110,147721
2.0,0.0,0.0,0.0,0.0,0.0,0.0,0.0,0.0,0.0,9.5,0.0,71.6,0.0,0.0,18.0,0.0,0.0,0.0,0.0,0.0,0.0,0.0,0.0,0.0,0.0,0.0,0.0,67.4,67.0,41.0,23.7,54.03873923420906,0.07318954169750214,4790598,148833
1.0,0.0,0.0,0.0,0.0,0.0,0.0,0.0,0.0,0.0,10.5,0.0,65.3,0.0,0.0,22.0,0.0,0.0,0.0,0.0,0.0,0.0,0.0,0.0,0.0,0.0,0.0,0.0,73.2,63.9,31.6,22.2,53.75644865632057,0.07326014339923859,4765782,148961
1.0,0.0,0.0,0.0,0.0,0.0,0.0,0.0,0.0,0.0,12.2,0.0,72.4,0.0,0.0,16.1,0.0,0.0,0.0,0.0,0.0,0.0,0.0,0.0,0.0,0.0,0.0,0.0,67.0,62.0,32.3,29.6,53.968978971242905,0.07283638417720795,4784418,148099
1.0,0.0,0.0,0.0,0.0,0.0,0.0,0.0,0.0,0.0,12.2,0.0,74.5,1.0,0.0,15.1,0.0,0.0,0.0,0.0,0.0,0.0,0.0,0.0,0.0,0.0,0.0,0.0,64.9,65.3,26.3,34.4,53.90254254639149,0.0723196268081665,4778537,147034
0.0,0.0,0.0,0.0,0.0,0.0,0.0,0.0,0.0,0.0,11.4,0.0,73.2,0.0,0.0,18.2,0.0,0.0,0.0,0.0,0.0,0.0,0.0,0.0,0.0,0.0,0.0,0.0,65.0,64.3,35.1,33.3,53.82239943742752,0.0726919025182724,4771416,147821
2.0,0.0,0.0,0.0,0.0,0.0,0.0,0.0,0.0,0.0,10.3,0.0,75.2,0.0,0.0,10.6,0.0,0.0,0.0,0.0,0.0,0.0,0.0,0.0,0.0,0.0,0.0,0.0,64.1,60.2,32.3,35.1,53.71617032587528,0.07247325778007507,4762001,147370
0.0,0.0,0.0,0.0,0.0,0.0,0.0,0.0,0.0,0.0,11.4,0.0,73.5,0.0,0.0,9.4,0.0,0.0,0.0,0.0,0.0,0.0,0.0,0.0,0.0,0.0,0.0,0.0,61.5,59.8,36.1,38.5,52.630131378769875,0.07081352174282074,4665725,143957
0.0,0.0,0.0,0.0,0.0,0.0,0.0,0.0,0.0,0.0,4.9,0.0,71.9,0.0,0.0,9.6,0.0,0.0,0.0,0.0,0.0,0.0,0.0,0.0,0.0,0.0,0.0,0.0,60.0,61.7,33.3,35.8,52.31378637254238,0.07066938281059265,4637675,143708
2.0,0.0,0.0,0.0,0.0,0.0,0.0,0.0,0.0,0.0,9.3,0.0,73.2,0.0,0.0,16.7,0.0,0.0,0.0,0.0,0.0,0.0,0.0,0.0,0.0,0.0,0.0,0.0,59.2,57.9,30.9,38.3,52.101529121398926,0.07015438377857208,4618864,142625
2.0,0.0,0.0,0.0,0.0,0.0,0.0,0.0,0.0,0.0,11.2,0.0,73.2,1.0,0.0,13.8,0.0,0.0,0.0,0.0,0.0,0.0,0.0,0.0,0.0,0.0,0.0,0.0,58.5,59.4,32.3,35.1,52.08904926478863,0.07041740417480469,4617755,143172
0.0,0.0,0.0,0.0,0.0,0.0,0.0,0.0,0.0,0.0,9.2,0.0,73.5,1.0,0.0,11.8,0.0,0.0,0.0,0.0,0.0,0.0,0.0,0.0,0.0,0.0,0.0,0.0,60.6,59.6,30.6,34.0,52.324495658278465,0.07075347006320953,4638627,143871
1.0,0.0,0.0,0.0,0.0,0.0,0.0,0.0,0.0,0.0,11.5,0.0,69.6,0.0,0.0,14.0,0.0,0.0,0.0,0.0,0.0,0.0,0.0,0.0,0.0,0.0,0.0,0.0,63.8,61.1,33.7,26.8,52.14987662434578,0.07052291929721832,4623146,143387
0.0,0.0,0.0,0.0,0.0,0.0,0.0,0.0,0.0,0.0,10.5,0.0,65.5,0.0,0.0,12.2,0.0,0.0,0.0,0.0,0.0,0.0,0.0,0.0,0.0,0.0,0.0,0.0,62.5,67.0,33.7,29.7,52.132562920451164,0.0703311413526535,4621611,143009
1.0,0.0,0.0,0.0,0.0,0.0,0.0,0.0,0.0,0.0,12.4,0.0,70.5,0.0,0.0,19.8,0.0,0.0,0.0,0.0,0.0,0.0,0.0,0.0,0.0,0.0,0.0,0.0,66.3,65.7,32.7,24.2,52.33793121576309,0.0704924464225769,4639820,143336
0.0,0.0,0.0,0.0,0.0,0.0,0.0,0.0,0.0,0.0,10.3,0.0,69.2,0.0,0.0,18.0,0.0,0.0,0.0,0.0,0.0,0.0,0.0,0.0,0.0,0.0,0.0,0.0,66.7,61.9,35.6,24.7,52.937562704086304,0.07161356508731842,4692996,145633
1.0,0.0,0.0,0.0,0.0,0.0,0.0,0.0,0.0,0.0,11.0,0.0,69.0,0.0,0.0,24.5,0.0,0.0,0.0,0.0,0.0,0.0,0.0,0.0,0.0,0.0,0.0,0.0,72.1,69.2,35.1,31.6,53.78151699900627,0.07411503791809082,4768234,150720
1.0,0.0,0.0,0.0,0.0,0.0,0.0,0.0,0.0,0.0,18.0,0.0,69.1,0.0,0.0,14.6,0.0,0.0,0.0,0.0,0.0,0.0,0.0,0.0,0.0,0.0,0.0,0.0,65.3,64.7,39.4,28.6,51.586707696318626,0.06977838277816772,4573367,141770
1.0,0.0,0.0,0.0,0.0,0.0,0.0,0.0,0.0,0.0,8.3,0.0,72.2,0.0,0.0,9.6,0.0,0.0,0.0,0.0,0.0,0.0,0.0,0.0,0.0,0.0,0.0,0.0,66.3,61.6,34.4,29.9,52.56436467170715,0.07118673622608185,4659892,144765
0.0,0.0,0.0,0.0,1.0,0.0,0.0,0.0,0.0,0.0,11.5,0.0,72.1,0.0,0.0,11.6,0.0,0.0,0.0,0.0,1.0,0.0,0.0,0.0,0.0,0.0,0.0,0.0,69.7,64.2,37.1,29.6,51.21148429811001,0.07006997615098953,4540239,142422
0.0,0.0,0.0,0.0,0.0,0.0,0.0,0.0,0.0,0.0,0.0,0.0,0.0,0.0,0.0,0.0,0.0,0.0,0.0,0.0,0.0,0.0,0.0,0.0,0.0,0.0,0.0,0.0,17.0,0.0,0.0,0.0,2.3774802684783936e-05,2.234429121017456e-05,30,27
0.0,0.0,0.0,0.0,0.0,0.0,0.0,0.0,0.0,0.0,0.0,0.0,0.0,0.0,0.0,0.0,0.0,0.0,0.0,0.0,0.0,0.0,0.0,0.0,0.0,0.0,0.0,0.0,0.0,0.0,0.0,0.0,7.301568984985352e-07,7.301568984985352e-07,1,1
0.0,0.0,0.0,0.0,0.0,0.0,0.0,0.0,0.0,0.0,0.0,0.0,0.0,0.0,0.0,0.0,0.0,0.0,0.0,0.0,0.0,0.0,0.0,0.0,0.0,0.0,0.0,0.0,0.0,0.0,0.0,0.0,7.301568984985352e-07,7.301568984985352e-07,1,1
0.0,0.0,0.0,0.0,0.0,0.0,0.0,0.0,0.0,0.0,0.0,0.0,0.0,0.0,0.0,0.0,0.0,0.0,0.0,0.0,0.0,0.0,0.0,0.0,0.0,0.0,1.0,0.0,0.0,0.0,0.0,0.0,7.301568984985352e-07,7.301568984985352e-07,1,1
