0.0,0.0,0.0,0.0,0.0,0.0,0.0,0.0,0.0,0.0,0.0,0.0,0.0,0.0,0.0,0.0,0.0,0.0,0.0,0.0,0.0,0.0,0.0,0.0,0.0,0.0,0.0,0.0,0.0,0.0,0.0,0.0,2.5078654289245605e-05,0.02036072313785553,51,1805
8.3,0.0,0.0,0.0,0.0,0.0,0.0,0.0,0.0,0.0,0.0,0.0,36.5,43.0,70.9,76.5,0.0,0.0,0.0,0.0,0.0,0.0,0.0,0.0,0.0,0.0,0.0,0.0,28.6,39.6,64.5,77.1,0.0726688802242279,54.08325846493244,147766,4794977
2.9,0.0,0.0,0.0,0.0,0.0,0.0,0.0,0.0,0.0,0.0,0.0,40.4,49.0,64.6,76.0,0.0,0.0,0.0,0.0,0.0,0.0,0.0,0.0,0.0,0.0,0.0,0.0,37.8,44.4,59.2,75.3,0.07227455079555511,53.979024812579155,146969,4785579
8.3,0.0,0.0,0.0,0.0,0.0,0.0,1.0,0.0,0.0,0.0,0.0,45.5,47.3,60.6,78.6,0.0,0.0,0.0,0.0,0.0,0.0,0.0,0.0,0.0,0.0,0.0,0.0,39.6,44.3,51.6,80.9,0.07308502495288849,54.06429359316826,148615,4793334
9.2,0.0,0.0,0.0,0.0,0.0,0.0,0.0,0.0,0.0,0.0,0.0,50.5,64.3,66.3,66.7,0.0,0.0,0.0,0.0,0.0,0.0,0.0,0.0,0.0,0.0,0.0,0.0,40.2,55.9,56.2,61.6,0.07299754023551941,54.115743443369865,148436,4797567
7.5,0.0,0.0,0.0,0.0,0.0,1.0,0.0,0.0,0.0,0.0,0.0,45.8,69.5,70.6,60.0,0.0,0.0,0.0,0.0,0.0,0.0,1.0,0.0,0.0,0.0,0.0,0.0,41.7,62.4,64.6,54.3,0.07317425310611725,54.128285363316536,148795,4798685
6.6,0.0,0.0,0.0,0.0,0.0,0.0,0.0,0.0,0.0,0.0,0.0,54.3,54.7,69.9,70.0,0.0,0.0,0.0,0.0,0.0,0.0,0.0,0.0,0.0,0.0,0.0,0.0,43.6,48.9,63.5,62.6,0.0727834552526474,54.08662424981594,148007,4794851
7.5,0.0,0.0,0.0,0.0,0.0,0.0,1.0,0.0,0.0,0.0,0.0,61.4,55.2,68.0,70.5,0.0,0.0,0.0,0.0,0.0,0.0,1.0,0.0,0.0,0.0,0.0,0.0,56.0,49.0,56.5,63.8,0.07241293787956238,53.92293605208397,147242,4780390
7.5,0.0,0.0,0.0,0.0,0.0,1.0,0.0,0.0,0.0,0.0,0.0,53.8,61.6,66.0,68.7,0.0,0.0,0.0,0.0,0.0,0.0,0.0,0.0,0.0,0.0,0.0,0.0,48.4,54.2,56.8,62.1,0.07269462943077087,54.03167660534382,147818,4789969
2.9,0.0,0.0,0.0,0.0,0.0,0.0,0.0,0.0,0.0,0.0,0.0,58.6,58.3,70.4,66.3,0.0,0.0,0.0,0.0,0.0,0.0,0.0,0.0,0.0,0.0,0.0,0.0,51.6,49.0,62.4,61.5,0.07291162014007568,54.06426791846752,148262,4792859
6.6,0.0,0.0,0.0,0.0,0.0,0.0,0.0,0.0,0.0,0.0,0.0,69.4,43.7,68.3,68.0,0.0,0.0,0.0,0.0,0.0,1.0,0.0,0.0,0.0,0.0,0.0,0.0,62.9,35.2,56.7,59.8,0.07251285016536713,53.900154903531075,147419,4778317
7.5,0.0,0.0,0.0,0.0,1.0,0.0,1.0,0.0,0.0,0.0,0.0,65.3,53.0,63.9,70.5,0.0,0.0,0.0,0.0,0.0,0.0,0.0,0.0,0.0,0.0,0.0,0.0,57.6,46.9,55.9,64.6,0.07244199514389038,53.78519892692566,147264,4768120
14.7,0.0,0.0,0.0,0.0,0.0,0.0,1.0,0.0,0.0,0.0,0.0,65.4,62.6,65.0,66.7,0.0,0.0,0.0,0.0,0.0,1.0,0.0,0.0,0.0,0.0,0.0,0.0,57.0,55.2,55.8,57.1,0.07297934591770172,54.02546091377735,148405,4789417
7.5,0.0,0.0,0.0,0.0,1.0,0.0,1.0,0.0,0.0,0.0,0.0,58.8,67.3,61.1,61.2,0.0,0.0,0.0,0.0,0.0,0.0,0.0,0.0,0.0,0.0,0.0,0.0,52.6,60.6,51.7,56.2,0.0723782628774643,53.74714356660843,147133,4764752
8.3,0.0,0.0,0.0,0.0,0.0,0.0,0.0,0.0,0.0,0.0,0.0,57.3,63.5,65.7,65.0,0.0,0.0,0.0,0.0,0.0,0.0,0.0,0.0,0.0,0.0,0.0,0.0,48.4,56.8,57.9,57.7,0.07160316407680511,53.2756390273571,145553,4722946
10.8,0.0,0.0,0.0,0.0,0.0,0.0,0.0,0.0,0.0,0.0,0.0,60.2,63.0,66.7,64.6,0.0,0.0,0.0,0.0,0.0,0.0,0.0,0.0,0.0,0.0,0.0,0.0,54.1,57.6,59.1,60.6,0.07292306423187256,53.84466063976288,148296,4773388
3.9,0.0,0.0,0.0,0.0,0.0,0.0,0.0,0.0,0.0,0.0,0.0,69.3,50.0,65.3,65.0,0.0,0.0,0.0,0.0,0.0,0.0,0.0,0.0,0.0,0.0,0.0,8.0,60.9,45.4,59.2,57.4,0.07331548631191254,54.2404325902462,149069,4808514
8.3,0.0,0.0,0.0,0.0,0.0,0.0,0.0,0.0,0.0,0.0,0.0,66.7,56.7,61.6,69.0,0.0,0.0,0.0,0.0,0.0,1.0,0.0,0.0,0.0,0.0,0.0,0.0,55.4,48.5,52.6,63.3,0.07147257030010223,52.96963794529438,145339,4695817
7.5,0.0,0.0,0.0,0.0,1.0,0.0,0.0,0.0,0.0,0.0,0.0,65.3,65.0,61.5,59.6,0.0,0.0,0.0,0.0,0.0,0.0,0.0,0.0,0.0,0.0,0.0,0.0,54.9,58.2,55.8,50.0,0.07053862512111664,52.309057742357254,143439,4637258
7.5,0.0,0.0,0.0,0.0,0.0,0.0,0.0,0.0,0.0,0.0,0.0,57.8,63.8,64.1,41.8,0.0,0.0,0.0,0.0,0.0,0.0,0.0,2.0,0.0,0.0,0.0,0.0,48.2,55.2,59.1,35.6,0.070166677236557,51.844830334186554,142666,4596132
4.8,0.0,0.0,0.0,0.0,1.0,0.0,0.0,0.0,0.0,0.0,0.0,65.3,62.9,65.3,49.0,1.0,0.0,0.0,0.0,0.0,0.0,0.0,0.0,0.0,0.0,0.0,0.0,55.6,56.6,58.1,45.5,0.06986404955387115,51.551413759589195,142063,4570091
4.8,0.0,0.0,0.0,0.0,0.0,0.0,0.0,0.0,0.0,0.0,0.0,66.0,65.3,57.4,58.2,0.0,0.0,0.0,0.0,0.0,0.0,0.0,0.0,0.0,0.0,0.0,0.0,57.7,56.5,45.6,48.3,0.06972743570804596,51.810083091259,141787,4593024
9.2,0.0,0.0,0.0,0.0,0.0,0.0,0.0,0.0,0.0,0.0,0.0,66.7,67.7,46.7,59.1,0.0,0.0,0.0,0.0,0.0,0.0,0.0,0.0,0.0,0.0,0.0,0.0,57.0,57.8,40.9,52.7,0.06949655711650848,51.64804735779762,141287,4578658
8.3,0.0,0.0,0.0,0.0,0.0,0.0,0.0,0.0,0.0,0.0,0.0,61.2,67.6,57.0,63.1,0.0,0.0,0.0,0.0,0.0,0.0,0.0,1.0,0.0,0.0,0.0,0.0,54.3,59.2,50.5,56.4,0.06966900825500488,51.69959717988968,141672,4583228
7.5,0.0,0.0,0.0,0.0,0.0,0.0,0.0,0.0,0.0,0.0,0.0,55.0,63.9,66.0,64.4,0.0,0.0,0.0,0.0,0.0,0.0,0.0,0.0,0.0,0.0,0.0,0.0,45.2,53.2,57.0,56.7,0.0701066106557846,51.834312915802,142561,4595172
7.5,0.0,1.0,0.0,0.0,0.0,0.0,0.0,0.0,0.0,0.0,0.0,52.9,65.7,69.6,58.8,0.0,0.0,0.0,0.0,0.0,0.0,0.0,0.0,0.0,0.0,0.0,0.0,42.6,56.7,61.5,53.9,0.06891787052154541,50.99293141067028,140098,4520587
5.7,0.0,0.0,0.0,0.0,0.0,0.0,2.0,0.0,0.0,0.0,0.0,55.6,63.6,66.0,59.0,0.0,0.0,0.0,0.0,0.0,0.0,0.0,0.0,0.0,0.0,0.0,0.0,47.9,56.2,58.7,52.6,0.0702204704284668,51.75839149951935,142800,4588440
3.9,0.0,0.0,0.0,0.0,0.0,0.0,0.0,0.0,0.0,0.0,0.0,56.0,64.7,67.6,60.8,0.0,0.0,0.0,0.0,0.0,0.0,0.0,0.0,0.0,0.0,0.0,0.0,50.0,55.9,56.5,51.6,0.07135343551635742,51.77697232365608,145104,4590514
5.7,1.0,0.0,0.0,0.0,0.0,0.0,1.0,0.0,0.0,0.0,0.0,56.6,60.0,64.6,58.9,0.0,0.0,0.0,0.0,0.0,0.0,0.0,1.0,0.0,0.0,0.0,0.0,47.9,54.5,58.5,56.3,0.07124291360378265,50.65483710169792,144781,4491170
4.8,0.0,0.0,0.0,0.0,0.0,0.0,0.0,0.0,0.0,0.0,0.0,47.6,55.7,68.0,58.6,0.0,1.0,0.0,0.0,0.0,0.0,0.0,0.0,0.0,0.0,0.0,0.0,39.4,48.4,62.0,51.6,0.06696981191635132,49.261388540267944,136188,4367076
2.9,1.0,0.0,0.0,0.0,0.0,0.0,0.0,0.0,0.0,0.0,0.0,45.4,59.2,67.0,61.8,0.0,0.0,0.0,0.0,0.0,0.0,0.0,0.0,0.0,0.0,0.0,0.0,40.6,50.5,60.0,51.1,0.06811828911304474,49.80760097503662,138525,4415644
5.7,0.0,0.0,0.0,0.0,0.0,0.0,0.0,0.0,0.0,0.0,0.0,54.5,52.6,69.6,57.3,0.0,0.0,0.0,0.0,0.0,0.0,0.0,0.0,0.0,0.0,0.0,0.0,46.9,45.7,61.3,47.8,0.06731963157653809,49.37916550040245,136798,4377618
3.9,0.0,1.0,0.0,0.0,0.0,0.0,1.0,0.0,0.0,0.0,0.0,60.4,57.3,67.3,52.5,0.0,0.0,1.0,0.0,0.0,0.0,0.0,0.0,0.0,0.0,0.0,0.0,51.0,49.5,59.3,48.0,0.06690517067909241,49.04380092024803,136058,4347790
3.9,0.0,0.0,0.0,0.0,0.0,0.0,0.0,0.0,0.0,0.0,0.0,58.3,57.0,67.0,55.8,0.0,0.0,0.0,0.0,0.0,0.0,0.0,1.0,0.0,0.0,0.0,0.0,54.6,49.0,59.4,49.0,0.06745564937591553,49.24478577077389,137120,4365771
4.8,0.0,1.0,0.0,0.0,0.0,0.0,1.0,0.0,0.0,0.0,0.0,64.3,53.1,61.4,52.9,0.0,0.0,0.0,1.0,0.0,0.0,0.0,1.0,0.0,0.0,0.0,0.0,57.0,47.9,53.1,46.9,0.06598237156867981,48.487532302737236,134150,4298475
5.7,0.0,0.0,0.0,0.0,0.0,0.0,0.0,0.0,0.0,0.0,0.0,64.1,58.8,59.8,56.7,0.0,0.0,0.0,0.0,0.0,0.0,0.0,0.0,0.0,0.0,0.0,0.0,58.0,50.0,55.1,47.3,0.06748738884925842,49.628039479255676,137242,4399580
6.6,0.0,0.0,0.0,0.0,0.0,0.0,0.0,0.0,0.0,0.0,0.0,59.6,60.4,64.1,55.0,0.0,0.0,0.0,0.0,0.0,0.0,0.0,0.0,0.0,0.0,0.0,0.0,52.7,51.0,59.0,49.0,0.06768305599689484,49.577905744314194,137583,4395210
6.6,0.0,0.0,0.0,0.0,0.0,0.0,1.0,0.0,0.0,0.0,0.0,62.5,54.1,67.0,54.4,0.0,0.0,0.0,0.0,0.0,0.0,0.0,0.0,0.0,0.0,0.0,0.0,56.4,49.5,58.5,45.2,0.06792737543582916,49.81530001759529,138125,4416182
6.6,1.0,0.0,0.0,0.0,0.0,0.0,0.0,0.0,0.0,0.0,0.0,68.0,57.9,68.3,60.2,0.0,0.0,0.0,0.0,0.0,0.0,0.0,0.0,0.0,0.0,0.0,0.0,60.6,46.6,57.1,50.5,0.07196390628814697,53.20537981390953,146338,4716758
8.4,0.0,1.0,0.0,0.0,0.0,0.0,1.0,0.0,0.0,0.0,0.0,66.7,69.2,65.7,54.6,0.0,0.0,0.0,0.0,0.0,0.0,0.0,0.0,0.0,0.0,0.0,0.0,58.2,63.4,57.6,49.5,0.07287406921386719,54.02574218809605,148186,4789461
6.6,0.0,1.0,0.0,0.0,0.0,0.0,0.0,0.0,0.0,0.0,0.0,73.6,57.8,61.4,51.6,0.0,0.0,0.0,0.0,0.0,0.0,0.0,1.0,0.0,0.0,0.0,0.0,68.4,51.0,52.1,47.4,0.072694331407547,53.79741810262203,147806,4769247
8.3,0.0,0.0,0.0,0.0,0.0,0.0,0.0,0.0,0.0,0.0,0.0,71.7,61.5,66.3,51.0,0.0,0.0,0.0,0.0,0.0,0.0,0.0,2.0,0.0,0.0,0.0,0.0,65.7,53.8,56.5,46.3,0.072771355509758,53.9076711833477,147975,4779050
6.6,0.0,0.0,0.0,0.0,0.0,0.0,0.0,0.0,0.0,0.0,0.0,72.9,68.7,63.0,44.7,0.0,0.0,0.0,0.0,0.0,0.0,0.0,0.0,0.0,0.0,0.0,0.0,65.6,60.9,51.6,40.0,0.07355280220508575,54.0590655207634,149567,4792540
4.8,0.0,1.0,0.0,0.0,0.0,0.0,0.0,0.0,0.0,0.0,0.0,71.0,65.3,59.2,48.9,0.0,0.0,0.0,0.0,0.0,0.0,0.0,0.0,0.0,0.0,0.0,0.0,65.6,57.9,50.5,46.9,0.0728432834148407,53.752171620726585,148118,4765263
7.5,0.0,0.0,0.0,0.0,0.0,0.0,0.0,0.0,0.0,0.0,0.0,71.2,68.3,51.6,58.8,0.0,0.0,0.0,0.0,0.0,0.0,0.0,0.0,0.0,0.0,0.0,0.0,62.4,61.2,46.9,54.2,0.07282605767250061,53.9921450316906,148078,4786474
6.6,0.0,0.0,0.0,0.0,0.0,0.0,0.0,0.0,0.0,0.0,0.0,61.2,70.2,56.1,65.7,0.0,0.0,1.0,0.0,0.0,0.0,0.0,0.0,0.0,0.0,0.0,0.0,53.6,60.9,48.9,58.1,0.07215145230293274,53.70776228606701,146692,4761267
6.6,0.0,1.0,0.0,0.0,0.0,0.0,1.0,0.0,0.0,0.0,0.0,66.0,63.4,61.6,62.2,0.0,0.0,0.0,0.0,0.0,0.0,0.0,1.0,0.0,0.0,0.0,0.0,57.4,58.5,52.7,57.4,0.07305087149143219,54.0164445489645,148551,4788619
6.6,0.0,0.0,0.0,0.0,0.0,0.0,0.0,0.0,0.0,0.0,0.0,62.5,62.1,60.6,67.7,0.0,0.0,0.0,0.0,0.0,0.0,0.0,0.0,0.0,0.0,0.0,0.0,54.8,52.1,52.6,61.7,0.07146626710891724,53.16799356043339,145318,4713405
6.6,0.0,0.0,0.0,0.0,0.0,0.0,0.0,0.0,0.0,0.0,0.0,51.6,62.7,65.3,67.3,0.0,0.0,0.0,0.0,0.0,0.0,0.0,0.0,0.0,0.0,0.0,0.0,44.0,54.3,57.3,61.5,0.07051981985569,52.30559150874615,143364,4636954
4.8,1.0,0.0,0.0,0.0,0.0,0.0,0.0,0.0,0.0,0.0,0.0,52.0,65.0,57.1,71.4,0.0,0.0,0.0,0.0,0.0,0.0,0.0,1.0,0.0,0.0,0.0,0.0,45.9,58.0,52.1,64.6,0.07045233249664307,52.29613871872425,143226,4636117
7.5,0.0,0.0,0.0,0.0,0.0,0.0,1.0,0.0,0.0,0.0,0.0,54.6,63.0,60.4,67.7,0.0,0.0,0.0,0.0,0.0,0.0,0.0,0.0,0.0,0.0,0.0,0.0,45.7,51.7,52.2,60.2,0.07053180038928986,52.19471617043018,143421,4627121
8.3,1.0,0.0,0.0,0.0,0.0,0.0,0.0,0.0,0.0,0.0,0.0,60.0,67.3,54.1,67.0,0.0,0.0,0.0,0.0,0.0,0.0,0.0,0.0,0.0,0.0,0.0,0.0,53.6,59.8,47.4,58.9,0.07052159309387207,52.09641918540001,143396,4618406
4.8,0.0,0.0,0.0,0.0,0.0,0.0,0.0,0.0,0.0,0.0,0.0,59.6,68.0,61.8,58.9,0.0,0.0,0.0,0.0,0.0,0.0,0.0,0.0,0.0,0.0,0.0,0.0,49.4,58.5,52.1,52.7,0.07078985869884491,52.36962838470936,143943,4642629
5.7,2.0,0.0,0.0,0.0,0.0,0.0,0.0,0.0,0.0,0.0,0.0,63.4,68.6,65.0,52.6,0.0,0.0,0.0,0.0,0.0,0.0,0.0,1.0,0.0,0.0,0.0,0.0,55.6,61.2,54.4,51.0,0.07040198147296906,52.12282259762287,143127,4620749
10.0,0.0,0.0,0.0,0.0,0.0,0.0,0.0,0.0,0.0,0.0,0.0,58.8,69.4,60.6,53.1,0.0,0.0,0.0,0.0,0.0,0.0,0.0,0.0,0.0,0.0,0.0,0.0,53.0,63.8,53.1,47.9,0.07019020617008209,52.16823399066925,142733,4624776
4.8,1.0,0.0,0.0,0.0,0.0,0.0,0.0,0.0,0.0,0.0,0.0,68.6,68.3,54.9,53.5,0.0,1.0,0.0,0.0,0.0,0.0,0.0,2.0,0.0,0.0,0.0,0.0,60.6,60.4,50.0,45.7,0.07080841064453125,52.4227614402771,143984,4647336
6.6,0.0,0.0,0.0,0.0,0.0,0.0,0.0,0.0,0.0,0.0,0.0,67.3,67.3,60.4,59.6,0.0,0.0,0.0,0.0,0.0,0.0,0.0,0.0,0.0,0.0,0.0,0.0,61.6,60.4,52.7,51.0,0.07270719110965729,53.524388894438744,147857,4745151
1.0,3.8,0.0,0.0,0.0,0.0,1.0,1.0,0.0,0.0,0.0,0.0,64.7,64.6,62.9,53.8,0.0,0.0,0.0,0.0,0.0,0.0,0.0,0.0,0.0,0.0,0.0,0.0,55.9,56.0,57.1,50.0,0.0722670704126358,52.45169931650162,146831,4650360
10.8,0.0,0.0,0.0,0.0,0.0,1.0,0.0,0.0,0.0,0.0,0.0,60.2,66.3,66.3,58.3,0.0,0.0,0.0,0.0,0.0,0.0,0.0,0.0,0.0,0.0,0.0,0.0,54.7,54.9,56.2,50.5,0.0704963356256485,52.1907946318388,143361,4626771
10.0,0.0,0.0,0.0,0.0,0.0,1.0,0.0,0.0,0.0,0.0,0.0,65.4,65.0,66.3,57.9,0.0,0.0,0.0,0.0,0.0,0.0,0.0,0.0,0.0,0.0,0.0,0.0,54.7,57.0,57.9,53.1,0.072169229388237,53.146605521440506,146763,4711606
2.9,0.0,0.0,0.0,0.0,0.0,0.0,0.0,0.0,0.0,0.0,0.0,29.0,30.3,33.0,26.5,0.0,1.0,0.0,0.0,0.0,0.0,0.0,0.0,0.0,0.0,0.0,0.0,27.5,21.5,24.5,23.5,0.034051597118377686,24.765501007437706,69157,2195702
0.0,0.0,0.0,0.0,0.0,0.0,0.0,0.0,0.0,0.0,0.0,0.0,0.0,0.0,0.0,0.0,0.0,0.0,0.0,0.0,0.0,0.0,0.0,0.0,0.0,0.0,0.0,0.0,0.0,0.0,0.0,0.0,7.301568984985352e-07,7.301568984985352e-07,1,1
1.0,0.0,0.0,0.0,0.0,0.0,0.0,0.0,0.0,0.0,0.0,0.0,0.0,0.0,0.0,0.0,0.0,0.0,0.0,0.0,0.0,0.0,0.0,0.0,0.0,0.0,0.0,0.0,0.0,0.0,0.0,0.0,0.0,0.0,0,0
0.0,0.0,0.0,0.0,0.0,0.0,0.0,0.0,0.0,0.0,0.0,0.0,0.0,0.0,0.0,0.0,0.0,0.0,0.0,0.0,0.0,0.0,0.0,0.0,0.0,0.0,0.0,0.0,0.0,0.0,0.0,0.0,7.301568984985352e-07,7.301568984985352e-07,1,1
1.0,0.0,0.0,0.0,0.0,0.0,0.0,0.0,0.0,0.0,0.0,0.0,0.0,0.0,0.0,0.0,0.0,0.0,0.0,0.0,0.0,0.0,0.0,0.0,0.0,0.0,0.0,0.0,0.0,0.0,0.0,0.0,7.301568984985352e-07,7.301568984985352e-07,1,1
