0.0,0.0,0.0,0.0,0.0,0.0,0.0,0.0,0.0,0.0,0.0,0.0,0.0,0.0,0.0,0.0,0.0,0.0,0.0,0.0,0.0,0.0,0.0,0.0,0.0,0.0,0.0,0.0,0.0,0.0,0.0,0.0,2.016127109527588e-05,0.0068597495555877686,41,1550
0.0,0.0,0.0,0.0,0.0,0.0,0.0,0.0,25.3,21.7,22.6,27.0,21.7,21.7,21.5,25.0,0.0,1.0,0.0,0.0,0.0,0.0,0.0,0.0,20.0,20.8,20.8,18.9,20.6,22.2,18.8,22.7,0.05435842275619507,17.93427701294422,110184,4053735
1.0,0.0,0.0,0.0,0.0,0.0,0.0,0.0,25.0,31.7,20.4,28.3,24.7,21.5,24.0,26.3,0.0,0.0,0.0,0.0,0.0,0.0,0.0,0.0,19.8,17.8,18.8,18.3,24.2,19.6,19.8,22.7,0.05504634976387024,18.29260377585888,111546,4134747
0.0,0.0,0.0,0.0,0.0,0.0,0.0,0.0,29.0,24.5,22.3,26.8,25.8,22.6,20.0,19.1,0.0,1.0,0.0,0.0,0.0,0.0,0.0,0.0,20.0,25.0,23.0,23.2,25.3,18.9,23.8,20.0,0.05530448257923126,18.294621005654335,112129,4135117
1.0,0.0,0.0,0.0,0.0,0.0,0.0,0.0,24.2,26.8,15.7,27.8,27.1,22.3,22.2,34.0,0.0,1.0,0.0,0.0,0.0,0.0,0.0,1.0,21.6,24.0,19.4,21.9,23.5,21.2,22.7,24.5,0.05596344172954559,18.374721065163612,113455,4153363
2.0,2.0,1.0,1.0,0.0,0.0,1.0,0.0,29.3,22.5,23.2,24.5,25.0,24.5,26.0,27.4,1.0,2.0,0.0,1.0,0.0,0.0,0.0,0.0,24.2,24.5,16.1,18.1,21.9,20.0,20.8,26.0,0.056247323751449585,18.845976769924164,114072,4260060
0.0,1.0,0.0,1.0,0.0,0.0,0.0,0.0,26.5,30.3,22.6,25.0,26.6,23.7,24.7,26.1,0.0,0.0,0.0,0.0,0.0,0.0,0.0,0.0,22.2,25.5,22.4,19.1,25.3,19.2,27.4,23.2,0.056413620710372925,18.507205590605736,114340,4183245
5.7,1.0,2.9,1.0,3.0,1.0,1.0,1.0,27.1,24.5,23.4,28.1,23.9,25.3,26.6,26.3,2.0,0.0,0.0,1.0,3.0,0.0,1.0,2.0,22.4,21.9,22.2,25.0,23.5,20.8,25.0,24.0,0.05646176636219025,19.092152878642082,114491,4315667
1.0,0.0,0.0,0.0,0.0,0.0,0.0,0.0,33.3,23.1,27.6,25.3,32.3,22.8,18.8,28.1,0.0,0.0,0.0,0.0,0.0,0.0,0.0,1.0,22.9,21.9,23.2,20.8,25.5,22.2,15.5,23.7,0.0562606006860733,18.586060866713524,114099,4201229
2.9,0.0,0.0,0.0,0.0,0.0,0.0,0.0,31.0,27.1,23.5,24.7,29.9,25.3,25.5,30.7,0.0,0.0,0.0,0.0,0.0,0.0,0.0,0.0,22.1,20.2,20.2,24.2,23.7,22.4,20.4,19.4,0.05649155378341675,18.697957411408424,114508,4226439
1.0,0.0,0.0,0.0,0.0,0.0,0.0,0.0,28.1,27.1,19.4,27.8,24.2,28.4,22.6,26.0,0.0,0.0,0.0,0.0,0.0,0.0,0.0,0.0,27.2,26.7,19.6,22.7,21.6,21.9,22.4,20.8,0.05647584795951843,18.546637639403343,114476,4192147
1.0,0.0,0.0,0.0,0.0,0.0,0.0,0.0,29.0,26.6,22.6,25.0,27.4,18.9,21.1,25.5,0.0,0.0,0.0,0.0,0.0,0.0,0.0,0.0,20.8,22.9,21.4,23.8,22.7,19.6,21.6,22.4,0.056416675448417664,18.653093472123146,114355,4216181
1.0,0.0,0.0,0.0,0.0,0.0,0.0,0.0,25.5,26.6,26.8,26.5,27.8,27.8,24.0,28.1,0.0,0.0,0.0,0.0,0.0,0.0,0.0,0.0,22.4,22.7,24.8,24.5,22.7,25.0,23.5,22.9,0.05682699382305145,18.77292065322399,115199,4243269
1.0,0.0,0.0,0.0,0.0,0.0,0.0,0.0,28.7,31.0,21.3,27.1,27.7,23.7,27.1,28.1,0.0,0.0,0.0,0.0,0.0,0.0,0.0,0.0,23.5,22.9,22.8,23.2,24.0,22.8,23.5,27.9,0.05679573118686676,18.887682884931564,115159,4269252
1.0,0.0,0.0,0.0,0.0,0.0,0.0,0.0,26.0,26.0,24.2,25.8,27.7,19.8,20.0,31.6,0.0,0.0,0.0,0.0,0.0,0.0,0.0,0.0,20.8,25.3,23.8,24.0,27.5,18.8,21.4,25.5,0.05647343397140503,18.583530858159065,114490,4200389
0.0,0.0,0.0,0.0,0.0,0.0,0.0,0.0,28.9,27.4,22.1,28.3,27.6,22.3,25.0,24.5,0.0,0.0,0.0,0.0,0.0,0.0,0.0,0.0,24.2,26.0,22.0,19.1,22.4,18.8,20.6,20.8,0.05605462193489075,18.349323213100433,113602,4147454
1.0,0.0,0.0,0.0,0.0,0.0,0.0,0.0,30.0,25.5,25.3,30.0,28.1,25.5,27.3,31.6,0.0,0.0,0.0,0.0,0.0,0.0,0.0,0.0,24.2,20.0,21.2,21.6,25.3,22.0,22.2,25.0,0.055961012840270996,18.764652580022812,113480,4241576
1.0,0.0,0.0,0.0,0.0,0.0,0.0,0.0,28.6,28.1,26.5,24.2,29.2,22.6,19.8,27.4,0.0,0.0,0.0,0.0,0.0,0.0,0.0,1.0,23.2,24.0,21.4,25.5,26.0,20.4,20.6,25.0,0.05672807991504669,18.79031912982464,115023,4247339
1.0,0.0,0.0,0.0,0.0,0.0,0.0,0.0,23.4,26.8,25.0,32.7,25.5,27.6,24.7,27.7,0.0,0.0,0.0,0.0,0.0,0.0,0.0,0.0,18.9,24.2,21.4,23.2,24.2,19.1,19.8,22.1,0.056274086236953735,18.65800565481186,114080,4217226
1.0,0.0,0.0,0.0,0.0,0.0,0.0,0.0,23.4,27.8,25.8,25.3,31.0,26.8,26.0,27.8,0.0,0.0,0.0,0.0,0.0,0.0,0.0,0.0,21.4,23.2,21.6,22.4,25.3,20.6,18.1,25.7,0.05638623237609863,18.44746634364128,114278,4169736
0.0,0.0,0.0,0.0,0.0,0.0,0.0,0.0,25.3,32.7,22.9,28.3,30.2,25.0,25.3,27.8,0.0,0.0,0.0,0.0,0.0,0.0,0.0,0.0,21.4,30.8,18.8,24.8,25.5,19.6,19.6,22.4,0.056457310914993286,18.47929885983467,114460,4176936
2.0,0.0,0.0,0.0,0.0,0.0,0.0,0.0,26.8,26.8,23.2,24.7,24.5,21.7,26.6,25.0,0.0,0.0,0.0,0.0,0.0,0.0,0.0,1.0,27.6,20.8,23.5,19.6,20.0,22.2,22.7,21.3,0.0566248893737793,18.31871025264263,114714,4140303
2.0,0.0,0.0,0.0,0.0,0.0,0.0,0.0,26.3,29.6,21.9,28.3,26.0,25.3,24.2,28.6,0.0,0.0,0.0,0.0,0.0,0.0,0.0,0.0,25.0,26.3,21.2,25.5,21.6,23.8,20.8,21.9,0.056229859590530396,18.38390515744686,113980,4155381
0.0,0.0,1.0,0.0,0.0,0.0,0.0,0.0,26.8,23.7,25.8,27.1,25.5,23.9,25.3,26.3,0.0,0.0,0.0,0.0,0.0,0.0,0.0,0.0,18.9,19.1,20.4,27.2,24.2,21.9,23.2,22.7,0.05656842887401581,18.47885625064373,114641,4176839
0.0,0.0,1.0,0.0,0.0,0.0,0.0,0.0,27.6,26.3,19.6,22.6,29.9,20.2,26.8,27.4,0.0,0.0,0.0,0.0,0.0,0.0,0.0,0.0,21.6,22.9,15.6,22.2,23.2,18.9,21.4,25.7,0.055936992168426514,18.52633562684059,113386,4187548
1.0,0.0,0.0,0.0,0.0,0.0,0.0,0.0,24.5,26.0,22.1,31.3,28.3,20.9,23.4,24.7,0.0,0.0,0.0,0.0,0.0,0.0,0.0,0.0,18.9,21.1,22.8,21.3,22.4,19.8,20.8,21.5,0.056036993861198425,18.365655690431595,113599,4151266
0.0,0.0,0.0,0.0,0.0,0.0,0.0,0.0,27.8,27.1,26.7,23.4,28.9,26.5,28.1,24.2,0.0,0.0,0.0,0.0,0.0,0.0,0.0,0.0,20.0,25.0,22.8,21.6,22.1,22.2,24.2,22.1,0.056406036019325256,18.944873243570328,114371,4282276
0.0,0.0,0.0,0.0,0.0,0.0,0.0,0.0,26.3,31.0,26.5,24.5,26.6,27.6,24.7,26.0,0.0,0.0,0.0,0.0,0.0,0.0,0.0,1.0,14.6,23.7,18.1,23.0,22.9,23.8,28.6,22.4,0.05604085326194763,19.00083163380623,113622,4295086
2.0,0.0,0.0,0.0,0.0,0.0,0.0,0.0,30.4,26.6,24.0,25.8,25.0,22.0,24.2,28.1,0.0,0.0,0.0,0.0,0.0,0.0,0.0,0.0,23.5,24.5,18.8,22.9,22.7,19.8,17.9,21.9,0.05603036284446716,19.06805729866028,113658,4310368
1.0,0.0,0.0,0.0,0.0,0.0,1.0,0.0,21.6,31.7,25.3,29.0,23.4,22.6,23.4,27.4,0.0,0.0,0.0,0.0,0.0,0.0,0.0,0.0,21.6,24.5,21.1,24.8,24.0,15.4,22.4,22.9,0.05612495541572571,19.049307391047478,113808,4306039
0.0,0.0,0.0,0.0,0.0,0.0,0.0,0.0,22.3,25.5,24.0,30.7,26.6,25.8,23.9,24.5,0.0,0.0,0.0,0.0,0.0,0.0,0.0,0.0,21.4,17.6,22.2,19.4,24.5,23.0,21.1,21.6,0.056327030062675476,18.590672686696053,114185,4202173
1.0,0.0,0.0,1.0,0.0,0.0,0.0,0.0,26.5,29.0,21.1,24.5,30.2,22.8,24.2,26.1,0.0,0.0,0.0,0.0,0.0,0.0,0.0,0.0,18.9,25.7,16.5,20.8,22.9,20.0,18.9,22.1,0.056434065103530884,18.93877312541008,114400,4280908
0.0,0.0,0.0,0.0,0.0,0.0,0.0,0.0,23.9,25.8,20.7,27.4,26.8,21.3,22.8,27.4,0.0,0.0,0.0,0.0,0.0,0.0,0.0,0.0,20.0,21.1,21.2,22.7,23.2,19.8,19.8,25.3,0.0565783828496933,18.659284114837646,114665,4217648
0.0,0.0,0.0,0.0,0.0,0.0,0.0,0.0,22.8,27.6,20.4,25.3,22.5,23.2,26.8,28.9,0.0,0.0,0.0,0.0,0.0,0.0,0.0,0.0,18.9,21.1,18.9,20.0,20.4,18.9,20.2,20.4,0.05616864562034607,18.678010255098343,113880,4221744
1.0,0.0,0.0,0.0,0.0,0.0,0.0,0.0,25.3,27.7,23.7,24.2,25.0,25.5,20.2,28.9,0.0,0.0,0.0,1.0,0.0,0.0,0.0,0.0,22.4,24.0,23.0,18.1,20.8,24.0,24.5,19.4,0.056534335017204285,18.900980576872826,114627,4272323
0.0,0.0,0.0,1.0,0.0,0.0,0.0,0.0,20.9,27.1,22.2,27.1,27.4,25.5,25.0,23.6,0.0,0.0,0.0,0.0,0.0,0.0,0.0,0.0,18.9,22.9,18.4,21.9,21.3,21.6,23.0,24.5,0.056279778480529785,18.510609462857246,114072,4183901
1.0,0.0,0.0,0.0,0.0,0.0,0.0,0.0,22.8,19.5,18.0,24.7,26.9,22.9,22.0,27.4,0.0,0.0,0.0,0.0,0.0,0.0,0.0,0.0,21.6,22.7,19.8,25.0,27.0,18.6,20.0,24.2,0.056508466601371765,18.623487547039986,114533,4209557
0.0,1.0,0.0,2.0,0.0,0.0,0.0,0.0,28.6,27.8,21.1,26.3,25.0,23.4,25.0,24.7,0.0,0.0,0.0,0.0,0.0,0.0,0.0,0.0,20.8,23.5,22.5,26.5,28.6,19.8,22.2,22.1,0.056291937828063965,18.544539898633957,114110,4191658
2.0,0.0,0.0,0.0,0.0,0.0,0.0,0.0,21.5,19.8,22.3,29.3,31.6,24.0,24.2,27.4,0.0,0.0,0.0,0.0,0.0,0.0,0.0,0.0,19.6,20.4,18.8,21.6,24.2,22.0,23.0,24.2,0.05650675296783447,18.566723600029945,114568,4196651
0.0,0.0,0.0,0.0,0.0,0.0,0.0,0.0,21.7,25.3,20.7,27.1,27.1,24.0,25.0,25.3,0.0,0.0,0.0,0.0,0.0,0.0,0.0,0.0,22.2,21.9,18.9,25.3,21.1,22.8,20.6,23.2,0.05629831552505493,18.148289129137993,114082,4101929
0.0,1.0,0.0,0.0,0.0,0.0,0.0,0.0,25.3,29.6,19.4,22.2,26.6,24.0,28.1,24.7,0.0,0.0,0.0,0.0,0.0,0.0,0.0,1.0,24.5,21.3,19.4,20.0,24.0,21.2,23.7,21.1,0.05643513798713684,18.766786381602287,114416,4241907
0.0,0.0,0.0,0.0,0.0,0.0,0.0,0.0,26.8,31.7,25.0,25.8,31.6,23.7,24.2,25.8,0.0,0.0,0.0,0.0,0.0,0.0,0.0,0.0,18.3,20.8,22.2,23.0,24.0,23.8,23.8,23.7,0.05624990165233612,18.8118135035038,114005,4252020
1.0,0.0,0.0,0.0,0.0,0.0,0.0,0.0,22.6,25.8,20.2,26.8,29.2,23.7,24.2,30.3,0.0,0.0,0.0,2.0,0.0,0.0,0.0,0.0,22.2,21.9,19.6,23.2,26.0,20.8,21.4,23.7,0.056732505559921265,18.50343619287014,115014,4182329
1.0,0.0,0.0,0.0,0.0,0.0,1.0,0.0,24.5,22.5,21.1,28.9,26.8,20.0,20.9,28.9,0.0,0.0,1.0,0.0,0.0,0.0,0.0,0.0,18.1,22.1,21.0,23.7,24.0,22.8,23.8,25.0,0.05655601620674133,18.357177942991257,114666,4149310
1.0,0.0,0.0,0.0,0.0,0.0,0.0,0.0,27.1,28.9,25.3,25.8,27.4,26.0,22.6,26.6,0.0,0.0,1.0,0.0,0.0,0.0,0.0,0.0,25.7,24.5,20.8,19.8,21.3,20.8,18.9,21.1,0.056677594780921936,18.64225262403488,114891,4213762
0.0,0.0,0.0,0.0,0.0,0.0,0.0,0.0,27.1,27.8,24.2,23.2,23.2,22.6,30.7,29.9,0.0,0.0,0.0,0.0,0.0,0.0,0.0,0.0,20.0,25.7,20.6,23.5,22.8,23.0,23.5,25.5,0.0560469776391983,18.716398626565933,113609,4230538
0.0,0.0,0.0,0.0,0.0,0.0,0.0,0.0,27.1,17.2,25.7,28.6,28.0,25.0,30.4,31.2,0.0,0.0,0.0,0.0,0.0,0.0,0.0,0.0,20.8,16.7,21.2,22.7,28.4,25.0,24.8,26.5,0.056000083684921265,18.525724440813065,113548,4187538
1.0,0.0,0.0,0.0,0.0,0.0,0.0,0.0,29.0,22.8,23.7,27.6,25.0,27.4,27.6,25.0,0.0,0.0,0.0,0.0,0.0,1.0,0.0,0.0,21.6,24.8,20.4,20.8,22.3,19.4,25.2,22.7,0.0566583126783371,18.724436938762665,114837,4232478
1.0,0.0,0.0,0.0,0.0,0.0,1.0,0.0,23.4,24.5,18.9,25.3,25.8,20.0,24.2,27.4,0.0,0.0,0.0,0.0,0.0,0.0,0.0,0.0,26.0,23.5,19.6,18.5,23.7,18.9,22.2,25.3,0.056265249848365784,18.45510323345661,114059,4171381
0.0,0.0,0.0,0.0,0.0,0.0,1.0,0.0,25.5,28.1,22.6,25.3,25.5,26.5,24.7,27.7,0.0,0.0,0.0,0.0,0.0,0.0,0.0,0.0,22.4,22.9,20.0,24.8,22.4,21.4,19.6,25.5,0.05653262138366699,18.753824785351753,114608,4239001
1.0,0.0,0.0,0.0,0.0,0.0,0.0,0.0,25.0,25.5,22.1,27.7,27.8,25.0,28.3,32.0,0.0,0.0,0.0,0.0,0.0,1.0,0.0,0.0,20.6,25.3,21.2,24.5,24.2,21.4,24.2,25.3,0.05686686933040619,18.833436191082,115253,4256826
0.0,0.0,0.0,0.0,0.0,0.0,1.0,0.0,27.1,28.6,21.7,27.6,22.7,23.1,25.0,30.9,0.0,0.0,0.0,0.0,0.0,0.0,0.0,0.0,23.5,22.7,20.6,21.6,19.4,20.0,18.1,28.7,0.056226909160614014,18.79078096151352,114022,4247438
0.0,0.0,0.0,0.0,0.0,0.0,0.0,0.0,29.3,26.6,22.9,23.4,27.7,20.4,23.2,25.8,0.0,0.0,0.0,0.0,0.0,1.0,0.0,0.0,23.2,21.3,16.3,23.0,21.5,17.0,22.8,25.7,0.05635501444339752,18.343757465481758,114230,4146244
0.0,0.0,0.0,0.0,0.0,0.0,0.0,0.0,24.2,25.0,21.5,28.1,25.0,25.8,25.5,25.3,0.0,0.0,0.0,0.0,0.0,2.0,0.0,0.0,20.6,23.5,21.2,21.3,22.9,21.2,22.7,25.5,0.05651421844959259,18.70493407547474,114571,4227973
0.0,0.0,0.0,0.0,0.0,0.0,0.0,0.0,27.1,30.3,28.0,26.0,28.1,24.0,25.0,29.2,0.0,0.0,0.0,0.0,0.0,0.0,0.0,1.0,23.2,21.1,20.6,23.8,19.4,14.3,23.0,22.9,0.05630360543727875,18.746829971671104,114179,4237499
0.0,1.0,0.0,0.0,0.0,0.0,0.0,0.0,29.6,27.8,18.5,27.8,24.5,22.6,25.8,29.6,0.0,0.0,0.0,0.0,0.0,0.0,0.0,0.0,25.3,21.3,20.4,21.9,26.5,20.4,21.4,22.9,0.05639442801475525,18.588768303394318,114308,4201638
1.0,0.0,0.0,0.0,0.0,1.0,0.0,0.0,23.9,27.8,22.1,23.7,28.7,19.4,25.0,27.8,0.0,0.0,0.0,0.0,0.0,0.0,0.0,0.0,21.6,22.7,18.6,22.7,27.7,19.4,21.4,24.2,0.056547388434410095,18.353278383612633,114609,4148511
1.0,0.0,1.0,0.0,0.0,0.0,0.0,0.0,26.8,27.4,24.0,23.9,28.7,26.8,17.2,29.6,0.0,0.0,0.0,0.0,0.0,0.0,0.0,0.0,21.6,26.7,18.1,24.8,20.7,23.0,12.9,25.7,0.0558956116437912,18.547021120786667,113329,4192296
0.0,0.0,1.0,0.0,0.0,0.0,0.0,0.0,26.3,24.5,24.5,25.3,28.6,26.0,19.8,25.8,0.0,0.0,0.0,0.0,0.0,0.0,0.0,0.0,21.4,22.1,22.0,20.8,19.4,22.4,22.2,26.7,0.05656436085700989,18.44582426548004,114636,4169248
1.0,0.0,0.0,0.0,0.0,0.0,0.0,0.0,26.0,30.0,22.3,24.7,29.2,19.8,28.3,23.3,0.0,1.0,0.0,0.0,0.0,0.0,0.0,1.0,20.0,20.2,25.7,24.2,26.3,19.6,19.8,21.1,0.0564054399728775,18.802916139364243,114367,4250176
1.0,0.0,1.0,0.0,0.0,0.0,0.0,0.0,19.6,16.0,14.7,17.7,19.8,17.5,17.5,24.0,0.0,0.0,0.0,0.0,0.0,0.0,0.0,0.0,14.6,17.8,14.3,16.3,19.8,13.4,16.2,20.0,0.04110439866781235,13.54147844016552,83304,3060806
0.0,0.0,0.0,0.0,0.0,0.0,0.0,0.0,0.0,0.0,0.0,0.0,0.0,0.0,0.0,0.0,0.0,0.0,0.0,0.0,0.0,0.0,0.0,0.0,0.0,0.0,0.0,0.0,0.0,0.0,0.0,0.0,7.301568984985352e-07,7.301568984985352e-07,1,1
0.0,0.0,0.0,0.0,0.0,0.0,0.0,0.0,0.0,0.0,0.0,0.0,0.0,0.0,0.0,0.0,0.0,0.0,0.0,0.0,0.0,0.0,0.0,0.0,0.0,0.0,0.0,0.0,0.0,0.0,0.0,0.0,7.301568984985352e-07,7.301568984985352e-07,1,1
0.0,0.0,0.0,0.0,0.0,0.0,0.0,0.0,0.0,0.0,0.0,0.0,0.0,0.0,0.0,0.0,0.0,0.0,0.0,0.0,0.0,0.0,0.0,0.0,0.0,0.0,0.0,0.0,0.0,0.0,0.0,0.0,7.301568984985352e-07,7.301568984985352e-07,1,1
0.0,0.0,0.0,0.0,0.0,0.0,0.0,0.0,0.0,0.0,0.0,0.0,0.0,0.0,0.0,0.0,0.0,0.0,0.0,0.0,0.0,0.0,0.0,0.0,0.0,0.0,0.0,0.0,0.0,0.0,0.0,0.0,7.301568984985352e-07,7.301568984985352e-07,1,1
